$ANSIBLE_VAULT;1.1;AES256
61353430623837343338646165353133306131666462343064303264383766323530346230393734
3965346538646238383762636539313463346263366633650a386564663834363736613230646664
32303262383432326133363562333565666337383666633535363462646565303537353031313263
3332643731373339640a613961313534666631383261383537346634383732636539363331313732
66356433363535323034386138356530306534303136666333613239363963373139666632386633
39336164623235353566326262313566333563303964366366633264303366336235666135613266
33323963373236316266323738333839303237346139366535396637633562313165386533376463
37383738303835633737346634353634353130633436663132353133613934363735326636646332
63383765326335303065663466336464643033343263353133323965323263306431343736646164
31656539343835316237623562363537663332323139343737303233353837343230366335636464
66343662643634393231366566613239396362666165323236613063363032313664303437366139
37323839313162333832396131373061316262663065643435666333613764653966653832373763
33336662653965366337623564323865316165656636626435353065396265323030623531616233
32333632376163376562613664386134356333363566616330636431646666653766303739346238
61653739353637633330626231313439303061373561383438313365333363373239623864656662
34633131393266313439343033393863666338653336356438653030633335613463653365303730
39646365373131626232613965353765306639623136626630653265623638363162366135346539
65653664656432326231376239326161336437663362333262366439336432653435336332653239
38373131343836393465386237393363313737333364303861366566396632353837613163326138
32363764316164336330613936376637653166366464333535343639626235323634646432303339
33663834646532656161313865306266633037653432643436613962653334656135306234633533
35633933656533646664333034356462323764643061316639643437363061363262323739653637
66616336356337313133303963653663383666616131363265613533343832343636636234336339
37386437383339303162363330376639633032363635633737643930393236303834616630386432
36393935643537656166313732653837646632393163623862626635653761396664663565633333
36636639636265363961333935353838643863366666353764376364656436646234663034353036
65356332613162653531363735656634643933636436326438386461666266306462336632313137
65623530666638366466646234356163646264636634396333373737346438343263636239613431
35616431653135646565653464386331363264323134356434303161323361646138366263626534
35383762323336316130666565623463653437303336336366636339336134343630363462326632
63666163303665633339646562393939366666333233373465653763613866343939323635633039
63313265313437646434393032646231313866386132666463666564643334393838313831336164
6330
