$ANSIBLE_VAULT;1.1;AES256
65333738383135373630643130303861336235656239336537316636333832396538613032623439
6632363632393933396639313065656263616437363931640a333063316331653962373930376337
39353032663332643864656562326236336236663034613766653664666134316631376131633462
6335386133386362320a626135396633316665396130336265323063313365386462346537343634
66326539373863346535386662646137376434313338623037653835356438346636663030363033
32393536356332656439383636646664323537653638653365653832383631376437373830636332
62643431343339376362663638353437653664353663376131323537303764373065366530363531
63303330303033633330616263613036613633633562386461303433643135386165333761626331
37353864663735316265336638653939363164303031626334383733313630626639626666666635
62346535363136373563323966653630316363326434663633623736643136396562363037383230
61336563303430313136373437323961363432616432386361346531333365643637346633326165
30376632636630343532623632323734363436633031626438663231646164343437303366386439
30626563336265646466643463613732303638626435616465393661363866643431646162623636
39373337663436666336623262376264623831303235313131653064633233393131353430323863
65396337646463343837316461313766663764363635363335653664663434353864663832663163
31333664646164376639623836353337616161333063313333373365616462366633643537386563
36333736313362353139363765346132626435353538316131326331343361333838383038316337
30333466653166656533393535626332626130303534313734663433376464306236643337653831
32626632306162373665613839396131656637653831336337633935383865336463646163363138
34613865366336313332636439376639343533386536383266303161323665363136396164653839
31623566313662633131663762343162333532383032333236373938636137303262346266666166
62326230353764303166343931373332616161633637323733313366363738343432316666626664
30646363383035653036316161313739323466366565646563626532663835373738623837396436
66376536313438323837626338636239373064376336643065666637373337303963626266376435
32616362363738626266323536363233383930346138343635653564343664386234333065636339
64366230323636383036353561303239336163356433633764623437306165393730373537666638
66396438343932303264313963613262656539353062633439376566356136646563623236616634
31383836376137333464643565323830656539323166346538613632306239373434386433393332
34633239353266353666383130616134663462306632386139376564306139366339386234316364
32336138313539313939646561343037613237303763323335653561396238663530366261623138
64646634303034323631316634333230393133346338663235343934343661613231393638343932
37313038663333383936393766396165633932326564376163326332623130323631633461666636
31306435356535303430336237363666363531623463353765303264343038336537
