$ANSIBLE_VAULT;1.1;AES256
39366464313861333762663963393137343338623932336562343339386530656565303433313165
3362303064326338326164376139316335626263666437380a346465386635663764323963626234
34336134396139336233303539366465626337353336336239383232666164306236626230656637
6364386634386134610a383864643939643731336363356139326230393865306431376137396637
32323639663063386231323337656161336632313361313535626462633266383662353761623165
34333066613461326364316162333830633030383433656262336661633664623533353132363538
65343335323236383165356262656437326662303365613933633735653830666666663635633565
62323963383461323561626561323434383863346666306666346266646664353861386362373930
33326638633032376634393631663731313562376439323763623634613736313230616164613235
61633035386638346661373732333230646631383239323662653866613536353836353130336566
31323063626630636466303864616635343763336662623138393663306466326635376530653539
62663166656236323465636131326532643933313462383965303562363733386462666130643062
39333364303434643734613061666466383762336535366334303332393462346163616161663835
66313736396432316232393066616336393933666532646633623532376132303566616363306130
33326665653439396133613166626332613536353263643262623561373830386432613565653431
30346162343437646564316136303633303433366562356662363031386130363635376437623666
63643539383364346437633261623136613264336133376232633733633362373531656231346262
64376565383964646339306565333365313931333763376264303537613262653365393031393264
34313366656664363262623636623531386361613638666436653137623339653938376165313932
30316533313263623438373430386536666637303131306239336335643831623438633137366264
61653730636639306362393865383363316466333734666665663035303465613532386336363366
39636232373837663336376365613332613266666464383938656235336533353736613430326239
31643131626133623566386430643337636661396136393162303037383365313437373363313665
30393633316366373662383034333261613566326130353066356261343939666663646366333461
64636130326530613033353936326166376539636139646162646265306631653235393262646134
34336462633966353535363733663065333233303964643137666664616235303663386232346539
65616361303939363335656361373266633161663366393334636239303131613865386462633033
65656236636330623963643633663165326430613964396334356534343033393839356436313830
65393364376435643166393831353232323937633764643838363631323039306665326165323864
36313235656466623337323262383530353362653632323665616531333262623362336363323165
66633036353635386439633063333864616433646162616631396166343433343961343230306134
30643530396335386330373035646538373237393363373239323039343666636633343531363461
61366537616362363530626461343866316231306431316135666332646633303136626331636137
32346131333633643630373037396637623339366233326639303033373833653532663965633734
31656136376630316539306530626661633266303163316431653536646663333831346138636533
66356139653239633538646538373737646665636130346663656639386535653164353830303232
65353566663466353538386666326162666664636134613761633632363233623536353331393864
65386233306366316465303666333339653932343638376562373162313835376231323034656262
66373539656231393762363634613032393533336138653265363939356361303933336334323830
32393035613038366562613263376336633635666334623338336566333231306165343339363262
31313735643236346136396231386237376265326633633963313133313834613164
