$ANSIBLE_VAULT;1.1;AES256
36303963623734643537653337616233356461643666326162656566383133646635363034333334
3261626566336265363565363535613233363965313762350a356634326538333738643231313634
35303933613535346232333132363163626232343332663064643466366138623536373534643636
6265623631363061320a383931626138386664393035663237626633323131316531316439613565
30626136623763663562373366363461343036636435626330323839313534306665623531363134
61623565353239303938613334313261313265313936336133326234656234316434323835643363
33313330303039323037316264613838336134363032343161393238383466303931316635653837
62666334323239386466386364363034343762663065376438336263313938306233386233333730
31336238393864306230653430383061353464303233636639393862353961336163666436643830
32666261316365326565643434396336316134353065656466656531343834306162313137633633
36383831636465363565383865313266316466396534663337346134383262653231316336633536
39333538356232356362383233333130643639663639366663356162396165393561313033666337
65383137356263343738353561343335386535353435643635633730643333313037323838613136
65623034343765383663336635353839343939376463353162313335653637353638343533396531
63653039616239636533306436613432333263646435653666363862663662613162656530386236
34656137373137336332393762653437663761626439336534316461613463373962316166633836
39313561613363316230373935656239333066343162373139393662633634363462326137313137
38393134633437313133373164653131393466363562323832313831666234386266386661373532
65336531373736366631303630656130303934343134633064343831343830313536396439383265
35623663626130326238643338383763376362393631633766666334303031383066306466326135
62366631646230373730393033663535313131613031623733653135346234393033353839373962
66303631313763306132633565366436363062623764356138343735666337653065643161366263
39363237336461396232393138663931623036326138376331303536313365623434646162643030
61333338323263383531336434656339366632633862636136626337396265396361343032666632
39343436323230613634636136346432326335353532643538613039346363383164313661333330
64353366613238653630613064656539613038633332393436323030623030663033306434353864
39613166623761666563356436393134323165346237363565316538643333613130313631653035
62646363633935613937383265303838626331396230333765316531313961366433646365306266
62376666663832323635326336636231373239353261376137376139333237313838613264643861
31663636386330336266363633303666363865656333666561663063316136633262616433646531
32353262656133663539613733346531613238323462366430623765636466323261363366343065
31323565326363313666656131643462616136616330356539373938323337656363363762636536
63326562326538393765646266326462386334383730396331613438303634333466313732396138
30313337336336646131373265376237363430653065316634373734343733633139653865393061
65323563323538633362386538663063393533376663333237633764343963393263363739356131
33346233393863653862343932313430306164356433376161306338613032313063396664333133
33663630626337333838366365393034383561326139373664636135356362356135363637613131
32653862353131386132373039356430323866373538653037343439653866353530373066613164
35616163636562363137643162393835666564323763383031376439643732313231386161353338
62303064663561386363383365663130663937623734613132336139613964656334353362373063
38613565373636333335336165653839653032313931633065333630323933633235
