$ANSIBLE_VAULT;1.1;AES256
36636530393036616232366334373430666463353939366263653065366366316635653262383839
3530373939303630333135363134343265303466316438310a373532656534666136363963356133
33396665386533303561383333643665353963323137373734333539633431353130663438303439
3237333733386537610a633136656464623737623663326435376438303361616239343138306366
34633364323662303564663133363931336664643731323262643738376262373636306662333761
61636436326366393233643137653031653335666464326561383638643534653263343733323366
64306137306337653939646336643436303838643838646136313137333961336335373062396530
63366435396634356134343434636362316538353139323938323931653231306563306339656132
61326336643838613331376162366539636232613931386534356463613739366530346562323830
38303337623830626661616336313334666662313436653831626338323834633335343033363737
36353837663431373739636530653733623333376430316530313235343061366233366262633364
32666436343838383635393766393263376232323532623464333935666132303135633430613939
39643762666331633833653535353838313132366362373261386266326232663666636630363235
30653266326435653262366238656165626133653831623732376566656365636431653531656434
33613631616566323231393361383130613430353132316561666464356335333961326464356333
65633563343537616666363164303535333838626536383135636234663164373636356435643361
65656661316266643061373761333732303265343164626463323665653761306266396630633738
34353831303032643039333333363566623535666435306130646230373762383366613937616532
61636431343135633631633964303962366432636234333631626531333637373736313235306137
63623436656261346237643137363663346666316431303131396135353830346466643862656462
35333562363261633766656533616436613139646665306533653733633435356534356561346332
35653333326135353331333835316633316439326637393130336366323361623431396337643337
63656535386266626339313236626662363633373538343631306639346435303232376661303165
36363562306238643664653734363166316535656536363936323631393532656438373837353231
32633730303536646532656165326533363933656464663131626366383132643965373839613865
31633936393734376133653435666134333965316533366366666361653536643138366338636435
35316264383733393630346264633931396266373331656235316438306534333336316266343636
38636333663238316662353136386463613066353836306131366261366630393132333665333239
63633635323862643665396531306430376362316332633666663438653064396635616661666134
65356531643334353363373835373635623734343436376235313031623262353030616637633566
36353639636532316632303337626365303037306661666331613535656261613962386533663439
64613130656234373337363463636637656634663731653235626639653865643835306462336630
63616130376164626466613831666537633230306336323534646165343132353731303863326533
61386235386663666134613964613630343539656561353764633030613462313235393962323462
32656665353531373337646131393433636262313164376366356665306366643138646133366639
63313438336439333161613732646431633364313035316136316261633466333634663939306662
62323630646434623562663263646434636239653330333732303535306562346264326537366432
30646238373362323034386563376531323564336365393330383632316231323764363861373732
65383830636636346365363837643765313564633866393765613232623561633837353964303862
31613366633164336265313466326636373230643032393038613165623366633834393835316131
39316336303238326633626531346164663337383337396238393638316533613665636266666534
31303736633738373639613064646234656539613231623833313838393866373535303764343433
31346135366331623736313036343731623637613563643061643261396534613539336633646265
62626332616630373235666463643862313462616136303461353961316136663865613562376263
37626632656466373933636265336530386132366538336461373537613836393161386366303038
32653666313435306538366131353437383339333832623261666438623934343864663233373065
31373234373735636336373136343237326266643236613566373135653330633465663161613263
62323365383834393538343266316432346632306562303061336539373136666330383633663831
63303766356630343939303632636131393134306361626264383662626433386337636462633465
31396430323761396364393134663932643061313732333839623263393166376664636633333033
65303363663537373065646664353465343965363237653936623434613538653439633834363638
61316230656666343132386137643132323365366530633539323466336663656230323561363962
61616462636261396266656163636537336435396438353866613061656134396161306330386264
38333731323563376139376537323036363565303637663565306265613931306230306631346162
32343233616637386662636330323437643861363136643830373665306135613365336162316162
39336561656639626433303165363961363962333438306563663835636634613465323464656264
65316436393064366466313939626163303763386138393632636335356163383433323731633461
61393135633933633234363030356238313732346163663463333162613231626363666334633433
61313462336562663137313766306536623338623337396430353632636165616262303565396130
31663363663733303361616439356537666662353034653462306630393037373161663963646637
31623639303966613135653538313234633338366465393663383164646638323463633135663038
61306639376132656334323331363234303766333039343062383363643330316135313937646637
64653039303330343238343834613135323730393334306334326138363230626637376461666361
62616335333733626634336465313837313334643930326433313731653364376561363065393363
34643538373436313830656561303664636137393531333661346533626166326162393432396337
61336139366664653462383734323036613931363366306330353665366133313964313532373662
37343135653736326332323934653165363734303361396537666161336363316236646535333464
65326363636230666665616437346565326235326333373765306132663037343131323962366265
33313735343833333465336465393863303337353632363937396466356637653434333335373930
32613261313265393733636565396362633230616439636232653665653931323935373262333137
31663763316665666338353833366434386236393130623239383138653930353436326561653161
39613234636430653762363036363939393637303737343461313266343963396630616134613538
34303732643563346638383939356466633263386166663930353864333961376234316265336231
35313933346532333763333532626238613262663466386434663162366630643735653639643030
34356164363137376535633536613130383864653764656561336365316336316465383162336264
32336666396433393231616664653531356463346563366136633465346632303731326433653061
62323262666265616461353433346533393664336362356239666331373732663937626364306130
66396430613636633035613763363431666262353464323736343462323762313964336566653937
64306535393430306665323635353061363161623037356463663762343433336439366263323230
38636533346661626662316233396662376566616438373938363335343136376532616633303939
32393633306536623839306130353932383635653365373166636536353438316335303764613631
64636362373539346230306537653830336539323534633132326462393161316366336637653533
65313138373633303831643662626465306336386333636139333662333930633038373036376131
64393861393730316331643339353861613738616362633262373136666631663236346434373762
32653135303961653332656361333430303866336334363135336633383338363931646637656630
63396464333466356636353231626539373033353837373731353365653537393330623435313533
64653333646165663965636635376262393466393866643536623730383564636439306165303365
31623566656666313563623132363038306432653662376433653433396338393335376566356566
31373737373261346361313533353936656237653531653133383964303338646136396239613063
37663261633531323562656633366631323232623666363131613061326535663864326235616631
63383436376530376138373162656564333830323662633065396438316430303730376437653966
37623332343638363266663463663431356631376535346534316164383066643632643032383335
66393238353132303861643236343333623732626163363836653331323836353531356436313636
32326137646534393362633834636361666339656232366461383938366362346463363566393237
66306535666562353533313435396633376666663261323333303636383161313466666639333335
35623731373661653738336363373965363264636630333163616435373132613435613231376464
30363061326166333331643634373761666164346534366463653837323964643435626363306239
37633931633235393765373363653434313066616232343366613364356532333036646334363033
31303934643866643831623235346261363938316665613962353030356138633035313235333134
61343761323361636364373937656139383134366263386131396332616532636262316336313238
39653030353635316137333964613837343665353138656334616439373236366331366538353562
34313932353861326562386338366162663432393762343065613230376461643537353230666437
65366566636236306531303336336434326335393537373739316132376237393763396261663338
66306664313139353737313764396234653632363065353239666437663065633235383064306631
62306361326539356339303135366366383037383461636333376537653938346666343038366433
65386664643535333362383765386464656136306562393665393262356361366266343964306662
31373364633634386431313065356163623666386131323335326637323435303364646262646532
65363033623437653935366262623038306231353731333733373539343064336136303662336464
33646234643761363734623563663232346461643634393561616464646663336164363464643436
64363636323839623432313162623232643461313961316631623938643635346162633134646662
31653937313864633562383966336463666236303036633432663734666433306332616436396133
35366232393838363632663734356134353537366336353463356237636462326663643539323730
36356438383863633861313630653261313233356234383332396463363738393163393635643962
30363164303232383232323836373636376631616562306537386335353238363530666434326531
66643866373838353135643536353736353635346338383563646131666163663339343237663863
64643461363566616133613332633533373636323966343438623132346166356332386463336165
34626366303065333935316166633531313630623661646462653436383931373033643030663033
30643435343136396136303834316338303731363331646562616333653631663862626330383566
39623436353662356333666438653238326136383364646638636233633266653532336361356632
37633264393231343135373638323034376233663336386537376662366132323437336430303161
38663431323565336334646232373064373564616333636364623633356165363262356534336364
32613465653864393661613965356339386366653031363030336566336137306462343366356135
38663333393635656231326163356366613734626538666537626436303864653064616461326163
32663664346538333561343866616233363936646266306264663833336137613230383961336362
66303335383937396461303939326265316536303131666337373061646535666137346364386331
32613438393933656633376563386464343464306237643566613465333035613530333038373533
33336365633262666365613835346237383633353830626431313965363130653437316665326430
30383732356162363231306135356333656262626165643539623963353437363231663830653933
31656438623632643638356138346465363731653038343466323066383936326461663438333435
65333631303264356638313131356434636462363562633833396461653332383466336234373036
64313838373864376638633130666233313939336262613039313930343261306339323864303063
35613234343439643639616163386635326536383239303336623131383662393164346132613662
64636432313331343936653032666539343435663732613766316132393832386232313739623665
37353162346461323931316631643961646634366136336130653234653266336132636466343638
30343436663035393463653864343365373435376565363735326436313031666366343061326463
33383033393031633137646136313033636230383864376366396435636233633839643861346237
36613836643331623134396231353530656331366537393232306431303937633961653134643730
30393637353831306564393736623032333139376234313831363463313136366264343137346665
63663565386266336562323232666639646637303466386237383331306231386264616464643937
31316563636131323635646634323137346162613338653163373965646534623137373931326665
64336461316435643065303230646564373838343834353334653063336464386561326634353339
66386163623562393835313862383464613633613866626337343162346262646533396365363732
32393064643831313335643134633130316663383330363764386133353036616530633562383931
33663431313531376331386136653263633332616631653635333164366134393766333762396237
63623333303737643462626237636131623533323062336235663532393836303561326164363432
37633866356531623064353138303861616639396565663561303631653063396666366561356632
30333630343065376134373339373733396161396136316537343365336438356237336664353535
65303462393932373037643139633536623434376235373732326163316665316237383233373231
62663130626265303832613337623161636333363761303161313330346433336566343930643931
32646239323037323164363962643664376662373531633662356334666166643235636530376536
64663035613461326464373538656538323961303332363632336265613561366139313435663931
65353737336335383733366537643037613634363662343939313033363439616263336239666237
32663936646232643239323038633034623162633930376631363533613236396133653334613464
30663237306663353463396439393661383564313164373034303539363165353237653938633931
36663034373134343665636365383364626438363639663238656338373232326663346166626434
34633331303930316431613139363734623166393966666664363065363337643438346230373831
31396336366630393831323938383838396439316431316335356236313765616531393865356663
34313863656136333466643033656530313439653861306432303839383432306630303533343138
33666364346462376231653135666233383165656438333339303765663135376165303837346138
63326437623062386633393732316562303536643339376639336531656139306136653436353031
61333465616466643030646263313130373464323036303334343433356335376262643731303661
65373031623338646262373966303437623431393463626163373131313766653065663536616635
38333130646436353235313630663662323731336662393238366135653064613430376431373663
63623863656533303734636339363130616561376634663966333832376535323934366161333530
31353561396161393564646336323337626530343535336362613961623165666337323434336664
37316461633331353863356464393965663763363163663965313233303461613365366230356263
64393537653432616535363733633039643835336231663864313033646334396235633162643938
38663461346539643630643039623638373761386136303233663933373836393731303734623263
63313937313334383665383165396131363932633139306562323130316666623634356463626230
31343665653264633039353462343334363163363032383961313463383165613262613032373339
65623666323439616661653130333935393838356564313637643463393938656463383263636363
35373534633435643566353162643134626564373066643236323061393139663130376231663833
3166
