$ANSIBLE_VAULT;1.1;AES256
65643064653731613835303031646431306430313862653064373662396364373239353539653437
3338623439393763343030373466373436343736376161650a343435343038306237633939356461
63336337323062366562633732343231373461653334643434393462336339383634633232626434
3631656531373732390a623731373431663630326538626262653935313634316235613333636166
35333966366637373131326637373566616239366636386663663461356631363261613730393464
63323961653466626565313538633766363263313065303534363932336163336165613831663437
62323337636434616631353761636131356263646331353237623032663434366662373063366363
61393038323230333532386433623136336662386564333035326164323531356230303061313932
62386135656665646436656231366263353934356631343837326435306566306163353063616232
66633363663839343161393463363033336539643664613036376430623465393633386338636539
65353562343264313134393765386134623862343134396336376331386434333566353636343036
62643137303262303564653562303731303232336134623234636237343739623230333733313439
32323338343966396531666261373865656562656433303336613861396131363261343538636237
31316665333938366138313561323762386437323839616238343163623765313162303636313936
39366631623135373636623366653935393138323662646230343537376430633835313331613032
35336532343931323235643532306238613231623062663739343466333562346533333662646332
66343965366239623830366638663464643962636533386539633062313763663331393365613631
66643433306565333939383363373363613636303630303035346132626131613165383066626561
38653864353634626236393733626433643565623737636337353065623865626337363537373330
39336263313133386163373562643565636337333835616239383938353536333565313761306261
66306665343639336363336230346534636433393466656435656364653732333963633432663535
32356665643438623832663665376636343635353633663932633437383766343763376363353030
64323433656235613532313964353334356265363861373631396164336466393864303466353633
31373130343762626363333834613431356130633038376535386666316231333762393439616564
65346137303231626464643764336635666631303662323332653535316633616233373464363462
34363931626133646230363534663966623337653761383334306163616639666363313036393461
30366238626437663764316537663930363361653430333466653135633663353333653961616133
38653366386161383939383666656630356231383239373838656262326337376439336336336530
62333566363763636538643837633563336363356530353837613238383362613130366238386532
30643537333533656339623231396566333064353033623032316632646465666663643637396138
31663365383562643036616232653063346533663761323265643238333438626666306136376166
37356331326163653864363832303430323964353439373536373739656539326331626366396238
34303062633136636232373065353032366234383336393433646466643631313233
