$ANSIBLE_VAULT;1.1;AES256
36396138336232623235396664643363366537373562386439646438643634383362353330326366
6239313964316635656261376335333539653838613132660a303536316532373134633363643031
63656139343263643839373266656533656237633966626630663664663938316462373636313666
3237343261353434300a623230613961386664313566653738653935633861393838333566653436
36313334616139396134346162323539666437373438613430646338666663623238613764323065
63626637373666323265656566383739656130656233666135643537363866626139643039363435
61626666336330343762663532303337313031316533393836613038623365666337373136353962
32383136336661396337646536323766396163313537626336303938613062306563356631386238
61323637643564383938303262653435626432376430336237333735643532393061366465323531
35643131633234666635386430653933346137303038373636356162343333656332333661353336
66356630643030373863353962646230326330303137343137653262356664663466376231353861
65383138363763343163663539373330373363666533616632323463386436613038353632376431
39363233656637663765653435656666343135336461613263343336663838636431613137633239
35353062353564623030613230336365653064393030303731663836383361346136323762653333
35666461613238633665316230313364646632613862636234303032313864623632666238323161
38663163633436616263613934383366306235326462373863366165643662646538376536366437
65306637306639636162313233366338633937366532303137623965303263396534636534666338
63623138356162633462363834656561346565633637373731663962363363306434313530396137
35326462316564386236353131643463643066616261643839336435373435623062363562303430
65396432626231336261633534333466653530643739393331313438353835393965313961646139
31333332616232613935613461316331323436333763616462636336353730666336386538366561
61616366353063393931333061623733626662336164653335636665313330313161386235313430
62653365663232326631306439363162363765333237383230353931623466666236363634383961
34356532393536336231316333666435656561616432326663376438333739376265663162373762
33316635646534333739643737386465663636643139643064666530636466666530376435353032
34656336623962343564636533343839373737333236653830663132343963633132396538323634
37363464356463366338386534343436613264613661386566386464366337313963393865333161
35346434333030333630656132663630343134613233666365646230623634383734623463623337
32646539653439663234353538383839333238663464633436636532336232386539326365363036
63346461666437666536633264303566323735666664623234373333346635303330343336356663
34623861373631653863366531636334626437633165623634646663656261663731346339663531
61333938373039373332383862383434333564666562383733373134666363366131616631656538
38383439303066363735323830333630306264303532663937666265306337356362366434373432
63393833303666336532613765323262366237656164386664376634346532643133323739343434
35396434663064656230666263306131353434663038633638363231616232386235653662636633
34336138383838613837633636363764376461666536346564383032643537393332366461376439
64323130366566353438633334333532366533616239323339643834353466386531303938613539
36333238633633396235623739333365656162666333376631323132663764303037316433623361
66643763386434626638646538663237636361343863393937343738346234626434333361333761
31343139373735366235656339613538363535363566653039326638353632616131333266616538
38663335376330396536313333643238653164333835383364383964653530343031316464383064
63633933363135613131666238353035316565623139346533323736343138656561323938653061
30643264336661646132326638363364356532623736663332643862383432373266633866353363
66653738633839336537663830303036656230336366663032663937663961636232333864343133
32613762323838323061353861326165636535626539323666626238333636636265386464613032
32303233386330303466363138346362666565356565353036656563306431353336316631613264
33613739383431323837663163376635666138343761386163613464386435383761396530306365
38383765323463316439656136636539363133663863343937663135383934623331643338643466
33363766616636663361313361646564363238623838656365333334366138343836383534626139
62316639393738363335383039356464303638663139323130313933643931396166653734366237
32663834323666633235323066346638663766663730366261363766316463663935363936623336
38353136313765333862353234303761333831353562353832643932363631313838353361663832
31356230326464623165363233363162373233643262373638303337646439363966626365376132
66383434303065333861393031646166343931633032373935616365623530646432636535383436
65396236623164346465303462336232323230653363353061663931663061383136613863353563
32383662343037313466363231366434343166386264396331356239383137303763366637363632
37336631383264616533636639333933626139366362623933326437373463633837623463633332
66323562346331336139666539353634303835626132613364336234373232646562346130613834
33376266363230353064633638323262383561313864656433663461313036636432646330396231
61343532336462363437323566336638306461626462313638383431333936666433623663656465
38316436333334393566666562316139316331323064396436613065663436333365393661626138
33376233393164303563623164326436323535353137323331343435393131396564313866323235
65633133616636636232336561646334663762356232613130313038643732323762633330393731
38383735346261356537376538643938643934326437663962333236326238383565303435396238
31356336356130303237316562313838373938326262313839393131613735613264313630326163
63663761353965383735376466613732373433653634616132333538636261333361363963623433
36363966646639393362653738633763653836373961313634383632393535346433396563386265
38646366336330316130373132643134363931393933663431343137656131653934373633343465
62333266346361376630323663656530623731376439316561396665633233346661346536316565
34383030353961316436653162366265353965633562303835656131303839333038646130386139
32333365306132363565313565343431636636363535303961376533336235323631383165386565
33613965663338623937346635343630633536343639353337386339336430613935643337616664
64663836623133373863633961333335313862376265613064623037303466306233623765656437
36373934623462323231636239303466656434323531656262653531643038396238356633393633
64626338653237346535633962636266353361333938333962666332663865353135373034306662
33363630363637303332373931373665336331633961393239346432613130616335376439356336
39323038353963343762343236393831633662336237656263386638333135366537653339366366
32383665613632663165333739363962356365303535323932346236663833663165643562336431
66313037616665343464633535376364383635336264313736633666343533623337363737316161
35363537353663343962636463353837623037363232306333623636653965616337383834393964
37366664383739633133623163613234613439623736396362616633343062326562623832386465
30383138393237316535376632366665353562383335306235393763653633623739386234333435
32653630656137353538373962393766356135643862323834386463623838623532396435356634
31353337656630333834353235663435346236656638663562373565353332346432623363613036
39386339663862376331343563333035306638336664323330386462316264353131356535316537
34363334346339656535633838626337326331393665353161376338663633343237616539633061
34323934613262666630663663313762303066613965393037333939363037613631393664303737
33616231336362663463306563653461323930343433343331626435366530646662643964333335
31346132663837376638616530373739313237653839656438376364313461633335633832353039
38623339316266643466396132323939386535626533303439363064323866323031343464323239
32653333373134383336633362356534393563313439303731613334316132366137663532323365
39616637326136366633306466393765373261333535656663303030366163373964363730633962
64376432393864653464373965383663666336303337303533353664343966643939313966626530
33613431636236616435633135323437353237633538353463633066656661386464333464663031
33623162393066376631656566316336616233356666376635643439353132303033643262633463
36643263326235636632623161623536663535306662316634356631616531336330646136613033
66376432303734623336326464316334363431356561633461626132643535373831303163316331
31353261353562653963653337653665353966313731373638623932323632363664303163326237
65623532663735393234326565663732303231343764346630383661376633333235386436313036
61343337363434366564326666343837313131336439313738653036623338393231333730393933
64363130653636373433366239313864306132376230323465653837633732303731363166666130
32376131663536306639353164343039643465633333336133356463363130633066373163393534
63626538353562663664643462656232376131323361346363313261373737363037616631633164
61363137316234373563376462303230333637346162626638336261336539373830393064326339
34313764336535383863393430376635396663393038363565616565633434393564656532343162
66653166366662366561366465376162633764336233313162323364376163303432333762373235
64663539646666663234353865366336313862343861383262643532336539656464356237666631
66633439323339306537633332383461653231646261313431356436356330616237383263323263
35393932343661306538323261346561386337633531393935363735323266623230383833633731
66333161336632383564343136393334663234633239646433393632343237623338656263643334
63363162663035396436633230663639343933383866343262373165313865333563303134396539
62343530386639346534386263656639326532373534316532386632646230346439643364356266
30383931303339383137333032383533613238626266393837653536666432343732336536313966
64656334326433373366376139623531316263363730313664333261663335353236356235626230
63666662626564313932313665323563336661313436633263663231636630363432326166316639
31626532346439633231333739316263323032656638333131653834623339623238346665343364
66306539383237633262373534306566373433623331393432356336303965373035303336346665
30643534356137323665653338663738613738333237366637643765393865663862643863636135
62376233306534366265363761616132393936396261616335656461663436393932313132326237
64356232373330376363363265396436633162313235333663376137636633376463623331376435
31353738323230636265343834363361666531616331383031353762636232626231353266316262
30323130653164623736626462313330303132653465363666393165613962616337376230363561
32373236626637326532343738313364373235393063633565623862313239653535383161323439
65386138306636326264343831393230333966653363353063363563336132636366393934396236
37643761316262633636653166343638386365323766383833366565643235333335336637343532
61626361346261303234373038656166353335333235313865636138333761396332653835623738
32343230616538653432383866636135663764366637653765623330316165313066386265313838
63386364633131316464386233326634373632643832626163383666623962646364333437363434
36393637383535633737333935623038343162333966653934386539363064313936653933393339
36343262396233306166653264336637343062623735386233333033663534623966393265623064
35643366373933653639616661653930383561363461306564633665643164663936663666343338
34653162613738383362663239646462313831313164376131393538316536646635383736353565
35366338333264636433343536633839366238613864373330383862336230623639396630666430
6639663531663633633639393864323631303936613837306532
