$ANSIBLE_VAULT;1.1;AES256
63323061616530353963646339383564353034613161306463323037386533616663653938626430
6238376638326564363962333435323934303138613631660a393539663665346136656637323339
31353439303066343331653565383233386565653465333639356435653532626162326435326531
3037386331323866610a343132363832376139366331633333346663613132333561636265346631
32336637656632616537313531356461333164663839383163323162383266656331656361613864
64623236313735376166383539356563326339333832373235646338643334616238666361343035
34646635316630626265343633363932313963613132333761373130316137656631643036353739
34383636356333333732346561306461313863323839373732363034363061393738626564656538
64653138323363313432396266363337343339343038326134316564316137613763653763343939
65393964333738306537383561636432663931636266616461306464373838636366643263366532
39323136626633363963323166343835313530363837306664623835343037646562666463393164
64396464663436643165343833393232336465393338646265393831316136623132613934643062
32393932303966623639343438653132643439616465643432616233613139363962633835323834
35316632343338653037396461626232366664663034636462616538656363323834643338643166
64656564613135616331393064346464356439356538313236303935626434333366626166633663
38656534633661376632346137323438306330666663303132633263626663623564356635353038
64336361636138363565643938386132306562666262626237363839303236623937633233363837
33316436303565616530333465376236356637613462346437356564383330376330653731303266
66663263613164613462353332363230363539663239376133306135643938616137386635386636
61633335633038303031356237383536656239396339396534616435303262663436653537666230
33373437363630636163386662616336643439393134346564366261316438336530636430383964
30616537613638303136326138343965326438333666346335303730656162653938626566323065
30383630386533646533643766306235306364626363613534373034633034613037333765373738
35316333666464303561303133356132633534333530633135333038336266633933386164383933
66383136393330643835613263613664326535363133363334316633363334303637333664346338
65346364643764396266663232303537366239646537616531626465303331656463346563336463
30346132306266643830306436386364623666326361363934323265653432366565386465666436
66303936656634633165386337373936623932363633653135333731376566623739323731643631
38656231653834623162383331366136323462356430646138313737303839376630356262393063
31353531313134336661373933623932373733323638326137613030653536356666306534333461
61393933343238306439383739326335343930626262396237353534356564633531613234353631
32376465356231343631353536386436306132636566356133353262313835616166336637316365
34316235383661336130336665616233306632336133363438383636663939643661366364653233
34623263353733663761383164346466336133643133646361643636303631666439396133313062
39653463613134356336626635653939333938326239393739393935613333636338333833636237
61646635376464613037313564323939313464613339306334396636613633396663303363373131
63343664303864376337646165326266313137393966346130353561363239316638363734613131
34353664366234626532393661303661313139313639323765313538343731346337393736343863
65386364636436343830626637373262353166346532303666653161326630373431653331376436
39646636666236343062396463343532653265383832363537613332343063633563303266373764
36663563306664313231363666323532373435383632303362613265383337643762663163366334
30376435646532336135663832303662313134323234313236363632646461613233643631653235
34386162376238383732373661376165326231326631653631653962626634376261333737323430
32663365616530336363366665626539663133373962373361613939306534316330336165386261
37633862323966373830353535616636353836643365373962646636633538313733306463303038
31666637346632653030663136666666636231666439393732333531666539623232313332626661
65396465626337376463353963343166353531303934383031343632373534353138343161306332
31633134653836663462326631653238376339663636386165626130613930323930356264646436
64666135386562386130663662623961393538303263643035303265663362363633643138353231
63386465633231623235373531363765663336303865373738643231313538326330633238366637
36376561326237613534633262643464393430666266613230653363666438653731633538636332
32626566306362666162613664373330353234353066306432313230333737616538656431613235
34323638383366663263616464656331316237346531303939323439373562383135646232316133
39616562623130393833616265383133373766653233386532356137613766396162633536343435
35636364323666663330636131323264313738383535323563373162303563633132336237306430
64326236383832383932306138313262663662653864633565633738356262346136343636616365
33353866346437303238393161373862343563636633346664323632383131663162366464356465
66336262306663663265343062346233363964666337386338363532653562306265313561333135
35306630396137386139623461333431386437363265373839623062663765356335633734376666
33326164316266373666333965366139363636303564336334343666343463663964306130303166
32353430366363633166396435386536343762316562666665326232346366303934313463356233
30616633303263643262656162353333386134343765396335653037653263393865336536653264
63396530613566663639333366633732343062666364643137306166653361306133616336616664
64323539663531656464396333653339383731656366393430346533306161396361376661373538
37646434623138626665373534376331383961343537626531613738343337343933326136356331
37383162626531303563323737616465613539366163333534346636323531393965376236326431
38653962626634326261383538666333316565623038306336356163626634373830366237666632
38313665326139643463353764613337376166353131303931636162646134383130386539626435
62356430633437616337643630303837316465656430366232663539613239343865653364666137
62353066323762316536393131363035633230303132653138306564393738636631393764303864
63313366343137353163633061346564346134366561653364366333306531346139373431666133
32373063663138666564323964663238623562646435646632373365656337613861636361373066
37353165653638643235633936643966383065363038653262316235616530326136663262663938
31333165653662396539313835343531383336346463303930613631323137376264353061623831
38333863623435653632623730346533653837376431663731303835353262393132383365616631
30646364626330323239663563313639306162343338646238383935326266303335666266323365
31656266393965353734346634343234346339303837643037346661616562303635666532623964
65363137653635333765313331323737643834633762623531336436653432343165653030656630
64666362346533383036626435663634623837333533396330383166383062353530623437396330
62383761386266633861336363643836323738316663373738356639356437353833393931643161
65643662613230316365643233633233353131323063383536626135356434306633336563643434
33366132313237656334633166643730656462353439623132306235636333623261383433343538
32646166373631616334333838653432636332396630643536346561383237663832376331383561
38636136313730646366653434656333396632666137643434643339353235643238636235666361
33363431396436633936343630666563316263343266343435396630643038303537343833333265
66643333363664333936383964316335303235313765323733613737346536653830323265663433
61346435626232623939313332386464393666626633316237343261653564386261636637663966
34356638373434376331353134663063363330373935623333333337313933306563323732333839
32613961666538343165643533333339666635373463646461633838366665626330623464633862
36643738653633366665366364646134326130373633373963333534656262306230383131343261
31383333643739633464323562653861366633633634666363316534396234316330623661323564
36313432396162653363636439373834333835383361366139313565313439346466616638346262
32363166633637353535363132646437393130346536666135366665313537643462343238336232
38656361373532663536373762346533623935343633376636303861303439613766653562393133
31653162393165376666336431323238663335306634393364663263353137623633343265623534
30326136383835393634303936353637633435376337376536616263643138363332333162376434
38353630643166643431643231303962336261386332613937633365366139613231623138316130
62666630653666386235386566376435646136663062636466663533316462313034613464343366
33356433623337616264363434643838633536323166616133643136333164373031653465373430
32363733343835633338326566346262316134623231633862363462333935616164643566363538
33666630356134653561633537356264336335616136316635666465383439303162613239333235
62623732646138346636333262383462393530313465366335616636613234633561303365373130
31313865653766323965363561376165643763376639313935666633333339393538643564346639
39353232666138613130393331653435303237626330343634303130663938333139383734386465
32396530663963303065343637383239303336313035646630663430633733613631653832666231
32303164393939306633623432343330653139653430336333396633323730326332633732353561
32663639386337363563376266303837356630363537333065383033623037393031376230316435
35393466386239323461643236333733336232646236333663356135623163376236373936336438
36373532393633336161343339353238313161396637633137313339613162316638666462643566
66353264333436613130303165616137666235623635306531393438383265613831356533616462
63343935643735333637306561373434356231346638393733633964323934643331636336393135
61616535376339366334636363626463386464626463393434656466393433643931623737333937
35346234633063613632383533366665326536373266353134373962353364336563636462663564
33396338613333643464656331326565306336666465386663353439303834623931323365353735
61376631336161623938333831363335313936623139626661366235306565353133613063363335
37396336613137656561393937653861613934623965336431623133303934376534383534633831
37336230633864313965656664346431316338306465323930653937643462396435343466353661
61626438623131653463323232363330386438393466663731323930356339336134643534336233
63393132623663636131346131646239323236303234373930373261373634306230633035356462
34643436653761666637656437393534323632666434656432313439613235666265373665373966
64663739666165663166333233303561343839326366326231353266343530383164316438323966
30303534636335383733323832386535326438313632343536353962363562303838313030383632
34663538363634663365343131666362656439633336323132383061396230613439316465366233
63653834623462643562343166653638306461303330656537383937373131633531616438366133
30636637353235643836623038373564663638633635373161306363313064643464346339396432
35653332356462636331613166643337366638326565633864303138333333383534643263656335
63643431643065333235303662333433393365626534663738633838666566323963666265303035
32316335336262353665643538393631363233666430643832393337396534616332366364323962
35383136316138346331356636396431656334643233393230353765396262306561326235346630
37643535626330633233376165656235316165633436353936653034626266316562336136386537
32366535303465366366613631623432633963333534373639386330383663383133633863636166
34333334383837336137663162396138353163366134353861376132303935323932363631313639
35336362633130623730636239613738653131363063313665393835666163353365
