$ANSIBLE_VAULT;1.1;AES256
63323936383038303361333435656165356663653163353139346238613561663738353137316538
6663613161373463613832346630356264333435643765360a633539633132323133326133616536
30653862316662316538613231613162396336363862363130386364623538626632643737633434
6638326138373331350a393633666261396664323261303036343636373362346537356462343632
38363264313934373032633464623362343664343337336163376163363438653731343534316238
39383333303633643533356364646231343563323336616330376334343734393764363466646365
34383166356136366634396434303534323431636163663963396633626639373236636433663236
39363962633031386262316361316533393139356137336434353136343261303036353863363062
65396439626134383132333137346630633061383935313936396539616263303565323535373262
66343533366431333833383266643034393966306534383361646364303030613832663735373765
30353066353138343937346137396164383762653839363332303535316638373831376664393438
31653234333337666638343738323965613031323162366562376534386131656638323034366366
38633031376233333064653538333234613934383365303532363238333437633730363037363663
36353238613431316536343661343063313136353834636533373839313933366434383331353861
39313932663863383463653631353032656332303730306666613463303138626638343034343161
38313062303237396166313133666166336535666361613330613932626637653930383939373038
37333333396236396332663734356237346135373733383561366366323032343832313238306234
65323938326333333165323436643836383831383331373265616565313639363030636336663934
32633134386162636663353338336666393066306432323266356136646536323830646563333137
34343866373639303464336639393039613739363432663766383261363937636464636133363962
34373531323462653066396136336633666664343438396635373035313731653631313231356539
32333237383162343035373037663237616461396361336266613364346339326635653937373338
31303064663962383533313932386334373631656533386337633333636462666638353863303335
62663334333464646266663036376439633139323637636232383465396564363839333666633330
35616637643138323433353161373234386661666232366135326332613362656138343238336336
65656134393939383235313330656666626266366431376433393035343562353233636662383932
39356136346339333939616238636335666661313066616464383331663163323939666435336262
30623133366562326163333239643765343531656630356531623764363833663163333139636538
30333666623434343637633731653163373566373635316332646533633065313935623738626532
34313034323061633333333331383936333732373465636465363131383231356439633064373563
35376366636134353131326136623666633364343161626339313236616439626537623138386265
39633761363735303031633164633639353239613734366337326231343232646631363765333163
6266
