$ANSIBLE_VAULT;1.1;AES256
33386366333531616363313437303637373236383138343137313638316539356636623666323262
6538623339353035633561346465313631653033336639370a636239383131306630396230303064
61646538663734383538316534323233613432333335386536336634343332626137366631333230
6361343964356662330a616164303765313037653432653934303261353033333166623139346533
37386166383865373636376634613231376439306236303464376461363435316436623239373535
30333231303662363565623363323734373833653230653066316163613062373065373234323738
32333832373262643730626339316238363365353432333932383365313934383062346130363266
37626366613133353266313238616538316265356665353735666335326364313064336165363332
31613433616562613161323162303836636163643061633262313564626434663965316432366166
63623061306630363638306437613533323361333264303461393739393035656161356461396430
36313037313239313762616637356664666561656234306233656362366662623266396165323838
39386235376464613832346234333138386363326639623436326431393263633661366465633464
61626165633636306561666665376538383666626564613264326562303537333531356161386466
30323034393733303733386263363239643235663662306436373865646263396263316236356238
63373432376236626136393537303934313734303537333536303534313830363666323734323736
31663762613330346234663731393735336139653130343439323335616636643738313932343331
61333835313932333331356565626666633965303362663530373165626435373632313365336566
30393663316538376536303136643939323963313966663332656532646362323137363032393731
37613032303934356337326336343836623536646266613938303239303932613136346134323063
30323030653063366561613865346361613864313035366662633163356337386564646266306236
31613763386536343861306238653838343636643064393963626535616665613464643733323463
38363737356264313136373739623166643139303735373464643361306663373430646235383566
33643663363130326363346266333762663664303564363734663764336466333135623463653865
31643130666263623236666533633962343833303166306231306338336338363839386132323664
37333962396264363661663265663436303231626239663466353333376631366436653337616439
32663461343432633965373162636339373435333564393862343065626666363763633065343434
34323265323738643133353436336164366263343238376136323533633663666638636463316161
64343137353835313636393266663264613530333430343263666163363538393064373530653536
35396663613730636339326337646164623863313965333965343263633662353961396466363032
31326138363232376136353537633839323866353666313662383837323637306163623965313239
63633663623532383065353039656265393665386336313063636336326563613434633233633064
31306461393734336533663132386264326134353436363861666235613966663064336534646435
66343235643662366232383864303663323964303232383262336265376362353563353339613637
32376136393136386131656138306437323534363332343834613037383230623831363437636265
35313434663438366566636238613034646637303230353865343038343631336366363132613832
66623864303139393838636663356334353461643562613164316263623361636338386534336138
33613262646132663065653733346535333765643064396266393861623565333665366364333239
38303061333733303865643833316561383939366165366536653165393861656330306366653733
34313762636663663832643533306263393632656262343533356565353432383635633735323361
32613763363035303031623735363238633539306531366630656461303765356166666531386562
39636165386163663462663061666166333936313533616339346235333039383861356466363739
66626665316230303965306434356263303732303366383634393439306535613566626561396630
39363139333233303963346135636436393631376336656638353966393435303136303666316236
66383338383137313465353539633335353535663964366430316234356166633364323539653365
66623563363333346335323936303038373966346334303537643132643434326535316663613638
34326339333239323732376630306430326338613831383266626632613765316436383733343833
30666239326235383364323333366237353335613264663630363231363635636436363332626133
35383036306563363365666464393664393665346564656532353533333064616634323564623037
31343165633836393339383935303762633130353165653533613138366161656530333266376563
61663566303335363337303261346135663264343133383038323763336561353731633464656533
61613739333765366564336238616231393634343531356636346339393830323137313934643538
31616433313661646530663066646238323936643835363236646361613663616363316433336431
66663066346463663663373863383739333435623530663833313362663662363638346666343165
36336239346462623964333538383933613131393739386563303565353132323737323238616230
38336233333038313730343462353636303239333665386161656132363866346461376632323665
34313266346631323538656231643935633865663037373430366163353137393965326432353337
64633163633733313830383061356235366264656661653039353332323936633666633961613835
31306562663539346335633764363961363432316661623931616431313839643434333834336337
64666631386637633562396230313234626264363535376163643462333766636239653832366266
38666632366534376135613138353764353562303330343430643238373166316161346331623366
61376563373734343539373165303236303361393366393766336363333935633639303737393531
38333533373363336536663861666465386261626265383461306665653639393936336534363465
34303939656363383536383835663366616665646236353961306136316133613061366132343738
37376636326530646636306238613332316465333939323464633732393739333461643066346266
33376331316662363863383235366163316530626336643339383437313033643235356463663835
33303738656565343665653134333833343265363532396435626439383037613931636466656365
35393234376239323539636639383165316430666362313664353138623331353834336434656236
64666233303135636563623666333462643131633933353662626366366436366630326639323832
33383935663835396261343037636635633830313630393137333462353234393232373865623435
30316636373339666664383639636135643366316332393838343865323730636538396233306365
61363330373563313064643935663739616538356562613863373636363762313461393933333535
39313030363536313038383939653137343465646133333334343434316561666163313335376133
32383738396662323134653137616665333236316633656634393665353265356664336632653164
61666137383431366539623935613866623433396366353461386133656665363135613936623961
37313764636438663665373631616363666364363865656535333038306261383633356433313436
37353038333565363333646332356430366634353035636531376431363036323061356664313530
38666133353565366237646435663163343233646331633733643232646162303436353032646539
62623436626132303434613533343432653162663539656161343332393866353665343466613363
33666365373333356331373661653861653561643363643830343863383133383631646230376239
36363236343536383239326463313832653737666230373165633964383465633330366363366235
31363435316161636236313633353833336337393935333339366161386138636630396262623231
63343261336162636262343033303763663062386537353033373066356261386531383532323235
30363332623663363665333463326238663765363264313765643338373363373833316431373362
32396632663530383039333430663638333362343131623363343333636362393538383237613865
34386439366161353166326163363738666438336537343336356362386335373834303134393162
32343036313839326431663038646566653938306334636662343763366336656264323734383231
31663634383763653063313262303138653834323438613937633939383466666162336639626234
66613136643038653365616138643433616163333636663962353330363566643931623536383366
38323665633631316130633531346334323334316338326437346234643137663739643138626234
36346161623336666631376166343438653133306666626137306633626430303234613234396137
30613863393338393737626138633038613632326438613930373534663237386332326163313133
33623965363931316431316365646232363437363161646539643937626335386431386534386463
61333633623537613461356433303364343038353835396466643137656337633734343539393765
62316466383330323466636162336237373331643939386562653836623662303133353338383136
35653937663637336136393730356262373861653930646132333235663363376335363266626162
62656230643564386565623734323036363265626335623066306434386464626236353937353165
66363830626538626532666136353930396363376264333732313734363161666632303363376362
38333465623966373937636636306339636532666632623361616563386537353961653336653432
64643562633464653430346264316439663738366135343038636134303463623661666131356137
35306438396431353038663338346563326666313238366265666632656139343738366437623066
33323863336339646265353736396331316138376339643633333966653061323930646431306536
34343563356335356162323866326665613231633038653931663137386665336161373730313763
31616432366462616133353466393236646136323562366663336362666330663731313662663931
31363865626661333665656565623866633038326634613366623430323962626166356165666433
39343735303737626434663833613436616663333562303631306465623533343137366433363133
34633836356637383166626635346135313638656230643863376563326130393634663134653066
65373362303032376633653136663830353861396336383761386431393731393732303865396232
36353962353338353835336132323635666335613238623265636264386463306461373039333136
38613533363437333366366533373766613037383134393632326137303236393330613333656261
31316339646235333661323362373430363162656135646130653130393733326165323131393864
32346536393663376433656139383134326165336231316261663033326164613163653966366536
61663062363938343965343066326366636438393639663666666530353864373436306333306439
38396532613461643861623565656438383832333638393234326262336232643936303264653631
63333761393664363532393034616536623632386231623538376539313730633361633935346237
33343337643834663839383235326330633936306239326339383734303539383139363161353230
62623566643836336230363038376338623661323166656563646538613766643537383430643966
31383839393533356133643339306264353232633430653538303035336163663833326339396231
61313262643536323836663535613964633435316136393361383864646135356230356331663032
34366138396366333537343132386264636165366564666439303631303066633538663437666436
37663330366438663330313763343361613939636161356235326236343533393434383038323534
32636539313137613861363937626430373539383238316534333761336538613332623466343930
37663433396564666435386433373835653134646536343532346566666433396131636333393963
34323965336330353838353339663464353936633265663733323266623235343336393861386135
62363432316233383631386433633237643264376337313762653363633836613235346636396636
33643731633063653662656562346136313466383634666136656337653433386631383334333830
66363663663930333462313139363032356334633936306465646231343232656630383231343661
31353030303632613932326433666537323364636238666262613432356264613830633630663962
38656530346564333731633435613532373761376265316534393031386135666235393038346161
35623930353461323965376166633335363966373234656435386466646339643465356431653962
62326636383836366136613936616261633535306338653836346530383061626265616230613838
65326165303736666333366536336639323433386232613539306532316137636134396639643931
39333765643063613266373863643331346362333533356336326436363163346466383261613366
62663361316163663738383432663736333361373532333163343661373833303865353637393439
61333635653238333861313266633037396563386432323135353835303339663634616538383561
303262626465366131353638616239366165
