$ANSIBLE_VAULT;1.1;AES256
63313238333361333232323834383631303437643131376132623131376531656633663535656565
3938663465646565303136653430363264323439316161300a376663383132336131303062343161
36336435323965383838346137313730313666323364373066393963343037646162626237393731
3833623133343737310a393031303662383238313432363930656231396433663862393236346466
65353562643735666530393333303263393662306638343166313938373362336537663138656464
64396462626666363435613561343131666139383636643638393435376137636665383766613633
66626333353938366564323664323561646262646461323663653865636433323836373137363930
38373034636434376563373530343239636335666663396337373861323439383234396566643733
33613766653661343837656631373735313064626339356663303432633637653030396136656139
66636464386536656237636261363866653830396233326636356233323735656565656535613436
64613939343965636561313431336438363463303365653934306636663630663632313363336431
65333131333762616330663733633437316137373334333639363435323130653737323939646161
63326139623835656537386539396264306139333835663635663634343733383561666535333734
39643638643864313930383936353137393037393135656663323563383562626663633163343964
64643962303532323238666138363730626632323135373261643236613338326531356534316538
37666231353463313930643830623964616234393734346134366565373336363432333461633037
64343731383534646231633365633137313332353537306333353166303766376365363335393931
66656631303434386663396265373463336461363636383965663163363538316162623465623339
39396230303239383631363261333065326637656165313861353366336662333965623834323634
36393838303939343562373231343135653866613739356636313065343466633832633632313931
38316230373433313939643936383234333131633735616163373566376430303333653565363735
65326266636565336366343536666164366134626430613037636561636439306330336163363839
35343236336334663366363963636535336631363331383739326336363039616164363836313832
32633932336632306361303966316631336664666165396264326337376664643334336166363333
62623136356132623665326239633666303662646465303538663861623166323331356533666436
61646465313164396135663836313536393963313665386632626361613363626263646631373639
37633663306135653330333335613739643332373733343234386334623230633463386237353737
64393764653831376434656537363331346633613866623763376265373236313738303937393361
30316139613531323165616331633732363161373038643739343137623439346466613064313363
37383461626664386638613536366636366136613737303135303435623764303861633930376637
36376536663430316166323534393161353632623937623464303761623235306430313237343938
65643966373162376436656263333633303264643235336132303861336639346636353137646432
37366263326364313936373235306663623239376631303331363762643962313262393330313563
39656133643461316666333561656233623466323038303234633962623431303732376664383836
31386532316662366235346633316566336161653835356638303761353563613061373333373838
31633630616461643930303632633936313036616261346631343533333230396265376566373763
37363966303638316530636432626135363165373761353736613736363661343463653062613363
31303338356533393763303863326665613732313330333231626266313232313738626563656434
62323530303962326333343937656330616635633535366630313935386131383837633236386134
62613031633861613537376137353165353133636164616436386234303962653661373536626264
31363536336636383833366635356461363234363332396636313333303536633365396239363431
34376534653261373861623363643937363764326335626236633165313965346362396361666162
34323336363737623938323736356235626634646334663735383633393261306331653937386538
61303737386135313139636434633436353061313630363138646334623732616431623162303335
39336263393962346262306463346138343030383961623630666464646631356234333665633238
62643536633766373530623865633539346662356634303061363737366639353831336236313265
64383832346632663463336638353961326162616437386562383939643136383735643363653863
30646665303661626266366430666238323966343364333062386465363161326237306430383335
32333765653236336131636361383165376439343833393538356461313165663137333138326430
33623961633931653864623661383562376432363166386636666433373563323361646632653934
35356636626334303964373530663966613633363939323136633365336136313865353766613732
34343839643566666130313762386239643364383433663733343465363835363063616463663264
37303564656266373061306431623431326535366335396335666238393535666562333731343236
32333232336634383039373438613263303832613030393963323636326666663330373937333436
65353430663466636232386463343036326630643864393530353034643135646334613431646665
65313835643038616565626134306164383931653338353932626431326535353232343964616336
61323630643261626465666238626465303532646534343331626263323861376331373761316666
33633538393362323731366433313665666438643533666139636461393939326639666664663938
36313332346566303032663061306565313263666665383731366432336665343430366232396231
66646663386366623035376138356437393964353339383438373765636263333864363031313163
65373134653466373566393965303932623238646434623536306364323730636566306531633961
64623636653538313963303431323833306235623864323933313333636131323738626434363333
34343361373635346532643063336437306436646135663637343566383637376563626164663937
32383536623338643833343162646363333565643563616131663134393635623933343138306231
33616333653732636661663063373466616330326666383532323239346539376566663437356636
64343334653538393434666539316466346131363931323339623734363935666231653635396234
33356334626430363562396635633433356630356361336239663961623262633265363662303439
64356235666639366632383063346436353266353434316632653333376262616565623038393135
33613364636266363865326235646433363337343366633462333938336238656536313636393065
36326562306563326264343634653631373934393435316133363062393532323433393534373738
65373730643762633634653239616666633530353234653931643264346637626662316336383635
36373863343263306166663666383637613936343035326364303237303939353832613738303461
35326236366235343832623338323635376365343665383837323630613732363434366263353563
66343939336366366561613763356538366366646265306161313434623036313766346635323333
33346338313462323837343363613334633530336561313139353630393831613166313161303965
62393862363932643536343130636637376662643936386561363031363433363337613439363236
39366136306634303965653737643735326630636332346263376261656266626366336431396134
66343165396133666163383937393663646463653766646139326262643337333461333261646162
38366363636663616333393062343835633534333737643563633732383565643532366465643738
39643835373066333135373532613032336331383133633966373831653266396236333566663862
66336636666130333331326133376335366139353466613230363130666538656137666462393937
65633438396436623637353966306232666661303534383261666339663562393537616363663564
30643135313637383365333831616530623339383639633932313532643464656133363138646131
36336565646335323163383831333464366266303139643762643565633465346366356439643532
33346339323432653233343531613836663135303034656563636666373866626532623832303163
33643564663131323262366133613366396566373534636638666630316463366337356531393266
36613334623163386131663032316230666338383936623861643433313136333639326231663862
33373463373239396232313832376334363565323839373532646334336363316165656264336237
36313933393435623839323065346639323663326438633837393639633761323239333638346232
39643938316666326233663639626332613138363562376466393238353736636165333165373936
35663066626466613838613164383539623165626634356636363262656639633131353238336539
38353539623634646535313933343530306265616632643862396233333764393435393637646465
61393138626661356239393263316465636463363865396331633566633735626638643339633633
65663939373236313764646533656335343465623062346438663732626532373238373936313536
63396531333465646434393162326232393863316130316431333034643361653634653166663464
34636365666164353732663363616461643034376238633661333335373136623165393034613736
30313234366561626131386334373438386665636533623361313732363936663235313166353635
38646532323263643136376462633939626663633636373366643166306534356563613965383761
38613530613039633166613265373535343037353939366233633734303639303431363863626264
38333530623062396361626366616130613130373535346134623637656263313762346136306537
33396234346332343931363665383038636539333530313433666330313362353963383765346163
33373166313932613863336532643764616133663736633039323366663532353162663138376566
32373363623066626634393633623133663532313661386238613831373230336564316335333966
39666262663830336431313033366137613934666330346562366461653538373962303236386335
35316631313439623836613963663034663933613637656531656438616236653662346132623630
37323832383732346331353064386336353537343339303632373437653233623435666339616638
34386531356536323135356239383439336432313563663439623034623531646239373739663730
39333230643437313064613264626335616663643836646566653636313834333333376639333262
30636230653936656565623966623766353866396333313266613266626461653866643538303465
34613266663233663934366232376163653064383563656639383566663466393664646533323136
65643861353737333939666339313465656234336536393134313135383335626165643065313761
62333465643361386438643034326462333734633331306132383232643762346231663261346131
35386162336164316437396265363331616261636135623264373866646264653235323237646130
37306138656462346636396131343964333464653435653137666666376638626464353565613536
66656231643235633234346661343064656662326530313936346132663265383631336433613365
32666563626237626333626435313138333833366637616330306532613764306333633131393534
34666163396636626565376164633435353130353538373062306431353765366261656236616238
30616363383839346365313639626634333637666435323138353930663563393163616339373132
64386233333731303938333763653663663835346231613137653564323865623966303935643334
39633263326663633230376437313039333332356333386664643937656332636234376163363664
31366131356561663231303834643866383539616661383334373662336431656634633062616638
35373831663438663631666663646464396463366338366636343339636331633139653064393564
62663330306532383832653864626666333264386532636532343237643936383434643463626665
34356339306464323165633566643933386262303861333939633761623862376335353138386261
61616263373963666633396438613039346435386534326237373535656132343736646463633132
31396437356664663135623130613035343563656532336438363539376536386539623238313330
63656264313063343031343461343634613765303038366265316136623365353534366631353332
37373261396637353733646666643135343835373234333735386133393163663666656633393064
34363332323566323066653435363439346236376561393936333939396634613639633938323761
62343132343439373432613238373865613863303333326566376265303332373463623638636331
66663464396232396666373636313335613431386165366133373964316232636466356134306539
34363634616163653565333432653235613064313563323839393731353235386630376334623866
34366431646337383530306236616238386437613963373933303635303239663235653932336631
36376663383066663162663430613562356532633464353535353732646238666531386166613734
33346163323534323261636132393364353765656437653032353638663966373433313361633264
63353839336363623562623235393334306633613738643766356139653131633836383232333764
65643530383634623536313732366461333335646465326336613536333333326235323865666364
31326230613064636363316631333136356332643762663836646531333963383935653730373130
30343061353336393262386665636435653031643139643361626139666635316264643661623634
39363337666236313764366633383338613936623234653330336638333435643835393438393032
33643031376536636564336538613532623230356633636264356535343232396435336536613762
34623066626530646130303435636237396664376565393037336432656536363731313230323431
35383935383430633331336236333732666431643332333238636435353030623666313264366236
33373661343437383438346261623037363837336532643330326539393331356535313564346431
39323566343532653665623066663164616234353130626530383233656339363432623064656630
31636137373233373338643962336530663338643339623366633732346430623063366535356231
37633362346632303638636338386133306633313462323735326363646463373861633462323338
64616666366363633165366530396162663432636564613635303735396366393762353333313166
37643566363631663233373235616534646430373832643030663132613866633362313235616663
33633666653465306333643164303130366232333338353563336161646430343731343137666138
63653632363038353663393133643730333836663738636665383334346338386134323035616430
39613162393034343964333334306165396161323736363335316162623863346134303263636363
64326664373236393362373132623834356265353436653532643030333862356232376132356637
34303465646263363862366462376630313438373834386631366134653838333966353966613637
65316164646631313063343766316235316565333065666266306264656635653331643864376232
30313237666338633137303332373466626662626130393664653237356263626437343638386262
37643632326437633637643439633438363631343761626538666632303661383130346161303036
63366437666238366563313966313363393761393034313865636461303961343062666238323831
36353637383362303134643232653038333437393464346433323437633061323533383338636433
64653465356362396562643937316434366563646237376330636464643635653131383161373933
62326238613131346630623465303662363537613234623134313337366534363938313536326332
61623065396362363635336433656635346530346538353664623561613130313335323831616662
66303935663434313063346432383137633938383130613935343435363536313432653633663434
65643063313233666561616131313837373831393130396533613665313837636332323432643833
64313165633132323134393366363563316632333339633065656561393134386530333962626630
33663432346563656566376365353434663662633763366666363531643038303861303630353364
30326663666165383962646332663130376235393764313761396261643133343434393665373135
63393962306236313165346462323561396664643232326639623835666562666239366362633034
62373264353239666263336435366433353030343464316431323931356339386230363235656634
35373238333535336637663165633838636266373363306231643635623439303738623463313236
32653935613665333436323735613539383839303666373666316663663566386536326339393438
39303038353435376435646436643431306236663635363835396531366432616437646561666138
66376564386166663731376634383565626466653739333764636363313433323732323536373166
39316164393064386637373036633261626532663061366130366236303934376361623733343637
36663232306461356139643265646135653638663134383335323732386137356630613364663365
63633963336561656530323363333966313639313462633361363335633361393239343434363538
35393030663333383038373965316263636538346134633531663736616239306463373934626331
64343939306533313931366366653165323933373261623665656632326532653534353834356263
31306538616362393263306230323336643833343232323566353431376333376638373333306461
31363234366261666135363932303162323634643230303630303532323138353631333736643238
65616131626135333864653430646238383838373834613164663565373539346433623034396631
32326133653864623763643635636334653330616630643133383334386232626138636430636335
62366163643961333231323337313839643963663234396338366365643439616233613564343838
34333561333435666535666237333634376662383738646532323537323935323965383136663939
39393734643365663466363462663037626637353438616635323536656232646636363361616437
35313337323266656162336663333163623034366666343037623238313332346434663136363432
30396238316165356236663662306565663337633061326134303764386236613736333833633031
33616663383462633362326565356631376238646564613835313762663034363963626663666238
34643766333062646164306535366130356630333134613263663736383264306566616533346464
39333134316536613330306534323830616562323264313335623962613465333962623030306437
65623636336137303634613963333933383137366439643562386338343861396133313138303661
61376465383263333538353165623931353962653566363339303161313034333964653338396466
65623964323764343161653463323531383534303962343938633931613866643361373165633536
63633632353232346239356139326666323639623064346361656330326365333332303938626365
39346633386365653132323861303934623738346633376566336665396431633764363234393335
34323536623464316362306538646539373135303131663831663066323034386634303235346431
33343833326266643264313662643932663061376161383638323738633437303138623566653932
63373033313536356439336337636164643430313231666339616135666136313131336665383663
33376532333130343262653135393434363336613134353634626165316139313736336638363230
34613165336366646139643665336332376631313230323230383766316165383435353938666136
36663332626131383230613964643438623630323264363433666161313131626461666531346566
30613831313338663730633135313030383263383332346134656261316335353861373865313632
30613037616638646135613739343562353837346336353466633165396163653031643761623638
36633836363762353966323330663130616166376537353164323865653363633732316133383531
66353061663364373634656430333837313465666564393265396439336538623362386566386266
62633638373430633930343930303038663162343061363863653564316366616666393661656566
34323466393738386432383431313034386163333432643337663162363030666238356139663934
34653665653339333230666563623866363431616236656566653663303865373332616365323932
61623530306266346134306564376430353065363637643563333032656666623064646138353866
66636332303036613837633764623165613734303563373831353738366233353339353231306239
39633630653131633437313433376439393266343663366365643664656364656232383536363836
66663934643237616262346636303531356433386666633431623064633135613437626535613938
34353364656462353435343838343935633038663261336164623364343338663532613239373632
31653266376366346566323264336166396237626532346138383838316564303238643335663261
39656138373736646166653062383939623230373632353635336663636633653338373061323333
35336661636335643236356638656439303132323238373632646133373162656534666536656466
34383930353761333836366632633134346637663134336638613035336232306133656361656663
64666661616633626337633966313663376265333239373365313631393334636362636634613764
30653364653931316139643761373239323636333135316139663662313434346636653739363237
63373130663862363431613462613865316463386238343338643066396264316435356262653061
61643466646537363366326234666663323830346464653535656162613039343964626638646132
62396336656535653233366531633734383364376661633161656237343163663361333338326666
38616638393434633938653436666664643063336630383838306138636439373737653966333430
63383861633538386337356464333136316534663863343762356338386536313838316161663363
61623466353939313164313033383665323061653964633035623539613461346163316137316463
65343330316631646462393465373565646666376331646436343138393362633636326562326530
65643137633266313736616131313761623763353564303635613964343438383365353563373161
61636166636230393066356238366662383062613762363530646636346434303463343437343437
34383639666266333632336561656536356434323663623531383336353334356437663039366130
64666565353064333931643037623038643861656435626130366330656139313932393637356632
35303365643834363466396439343938393138663862343964336564653638663663363639326131
36343966383061306465616634646465613034666363626135333232313939333362363939613232
66366366623264356566656263643738333934356163613236393732333237386630623665653166
32646539643338386362353862366634353638663463643432343735613430323466333330633466
37653338666534633431303537626432623564633032373564336632376535313733313061356463
36353461626563346166366331346534383633626463343038326332613437373431396531383664
32616461326235616461356238656165666263313263373433663131363030303534623836373839
34393130613434303538313733333666393833643733613736363166346462636666626437396636
38636435306462656265343634313661383535326631326134353432313536646363303165636139
62656664316665326338306434643935333131323563353839343639626565656266653537303835
33656161353930336636656531313034393930346365393637613431363836336533353938316132
63623636336464366132613864323835346637636236623366323236666335313338383735623131
38633839303535396366343262663535333530636264643465656636366438373536383761373031
63373831393433313037373666663030333638613265323434653934346565313232376561623933
66663264623564306333363538313865663866333837373665333733643866353862343266373930
66336662626638316638626433363565333738343161303030383366373532353363636632656630
62623731383465636533616132366265316239653761613033326235366634336432353365356536
35633533646538373135363934623834666166373537636662613338653132646363613436373036
66346534313966303664656636666261386530366632363233356665383737663439633261316630
65306236303931393430656364356436386435333464303133326166636338303335306634343131
61363364366633346332643937336166316639386239313336636134363532643631393737313366
36636232303534306335303432383039623365643365643065653366616661613664326534323063
34313262323533316264323761373739313730616465643266346262343562313336353763656134
37663236323937373936323832643764653034643366363936316262616164363562313261333262
64323531646330306539623536653765613639643566356534363461666238383539393531653331
36326131363964303430636530316462646631323339363830666662306435636432313332366130
32633166343564376664383430653135386637626234336532393834376161363863303663346631
37333862353666336262333630376231616561373330636437393665363764356331356137303932
63306365623337326235363738653766613366336332653661643637306637313130616534666339
61373336336362623433363630336132333662386565666431663030616332353739613465326233
37666261313837386130646163366336326565306264373730303136306535373566653466333334
31326339383835653934613831316264316464343731383134336336313735353866666534303364
37306366626138383333396336653436396332323863313064396130393062616136643339353339
64346662333365386664653737666234303033636563303766666233343061323466343038326234
36656132643033346232383837663633363036663366383634363962643465393863643535313130
33636165373166643930353931366535623962373664343236346530343364653136633238303265
34316231343433386565626334393434393364633863316135393333623032306534626632353130
36613932306363303961613237393861303538316136626265333730313630376336326631643633
64313135383633643361366661656166643936313537663365643532663431323663376538633566
32303665346637373434336130333238343363623339626362343939373333343130313736623966
37656163653864343736373635316365626238643938633834316637396332616635373962386166
39383166373137383431626332323339366166373235323664336662313731646435316139666135
30383131316262386132616562396637393032633136656461376130626366393630306530663566
64383032643037623365663434623632366461653630613035326131353336373639613064646563
61386434633133616563373033393363663530636162336133383263383734383962333363363362
35313431323235343739363539366639616634313437633934306162313036633731383162343338
38333130656263306261323663663161323664336266663136346662663264653635663535363362
64323233366638623339333839623535343836366639373637626338326462353835386664363065
39343665353965646536343033303035316565383164383332643539333339373266303066316561
39326233326463363065333463363734376438303266393134353765623662333131356534613065
64363430643565663138336533303331623339323366306239643265663631663332366136396361
31306236366463623834323464623865376437353034326265343764633337343239616164316239
61613663303962636566373761376339643164363364646536383239313632633737323662623739
38656633386130666363636665653761306539323531636461616438643531356133323965313663
63613065623264303739653233303166333034363762336538326263363061323337626463653131
63396163646538663231333966653139376332383337376233303061613533613764313533353730
33356139646334623934393035323939636663313635376337663066343838623965343030373536
61633037386261346533346266366566633938626537623964666362626633356134663733366135
31646164383462323033323865653230396439616431326264613534356663306132353233343062
39393534303037323165666662336436316462303737663430363232323035333035316265626332
65633463316435333230373537383735363736326138613437306333343332373431366561393661
31396238396534383433633238643235656136613963343332393139326535646461316338313663
61366630333938393231383862323937376662366332656661383638303539626262386635323362
65636635626236653064623763663236636635663261663466353331383761663131633964383262
36653563383461393039346330356336653338313931346638303964356235623662313766383662
32316534666535333334353336383062396634333730663863306131343037346637623337613237
31363861393832333335643966333965613865373363663339666162356235303638316535336431
35333535613663383163353233356166383931653634366134303831613362303638656334303762
33373265623864666333353962353633616433333832326164646136633562663933346630376466
38353439343531613237383463323362636437616261316365383731363837616331373865303765
30323139333334353731306330353439323639363335323862613235636335346664333164323336
36363431393631626235633765376362336566633930653033353937366361613261366263633166
34346631643337386362346362356361393361633963383631653031303936376431663036386238
66316662383966633462346632633366396537633334643838363637663430363833393334666262
64313834356363373862616462663934363338343463383433613335313836393162336331303031
33326463313037623331663136656364666636366661303165346230656439643236643065373335
63646330653166643330353330346232613037633935396239373461613863373163363037363439
36333633333165663866383338363632326363613666626464626262396134646530323536643662
34373761616134316335366633616263653432376539396230376231363863636562343239396566
30643466663335363039353966633866613136666230343134306433373638323261313865363730
39343732386535633730616235343833666634633233623335303166643465646531343439373936
62386463326362373463383138323566646234353231643233646436633330363333313830376363
37643566316365346264396234333536366662316239383835303061646534306439623737393333
62343535386163666231376535343434663335386534343666646537386435653664343934353332
32383163343531393236383066313262646335333734396365616166346638306438646238366135
65356263346438353130373734306463343363363965666335636438636430356464346133323562
35316130613436613764316137646462316330623030363563626439646237396463333766323161
66636130303364646533616263613665323939333732636639333664333232633265323330346130
34396566656364343830346332646634306632363430366431323033383233346264303635656263
62626564626530383335633833383831666465393361653432343539623235333263353363613064
39326463666438373638306132626261333336323531643833613539613764316564626561393437
62643431396636353464313034656235373934313435353239333062666635353039666432656637
31303965366263323563323239323932366464323764343633313038623738363430356665646230
63643065653937656462396465346235343533666336373137353733623363626364383338323637
65616531313438613531646339616634613630313066626631353730333637636463386262316365
39393338386265353332376366313562393864303832636163623861313739366335336131346264
34653831313762316532666132353834376530323933623765643661363937663136373064616232
65363161306237633466383532383338386531353339663839323262646335336239363830386534
31653236623561353463643338636439643932353732653561343639396364333137383066656332
61623737323230623238353165363838333234326432656662343765336538333139613333626230
31303636363432616439653663633835316633343238356332616533363034666534663934613437
66303136333438366137313830653566643663646334343734643163623263373764393961643064
64633333393834346364343164646365383861383733643664346331306462396538383937626333
61303333373466316331303730306435666264343631346336336434303137303033613931646262
39353861343761623639636632313764396531626330333835306461623539643239323032646138
31616165666361303238363434646534663031383264336537626262333239383136666662343265
64303739376236303037626130313134383431636263313533373765343266346162316163323465
66393039633136653566376166663562373965613137616462653435313466313930343431626135
32653833316238643863313533663236363062636133393538656133663465383066386161366238
62373132343639653834386137643662613135386537343239343764613962313639663635356539
66616630386265336130613831623533663836626631313031636163373139653661666539313436
63356462623935306632643839313665333333323639616663633232636638633765343766636134
32613134343336346431333662313132623562303666383634646436386165666661363935373866
37643938643964636462656535373830663431633338353630333462336135623962613465663136
63623763313530346235663664356465663731383738656634633137663536316236323837366331
63396165356361663764633933333663383638643634656133356135663934303938623462383139
36663636376632313632663861316538663962376533653532393031313831663166316265346664
38313731346532393031653536653831656465626130333263346661613534353734373335386630
61373965356661386535343434336532633632346263653437643434376438373166646436353536
38316566333062326162643233626537663534656135613366666433626463653265353136636565
64346535616637373030643335343335643264333136613333396131616531346638636662343164
39383661356663666334653737303731643836303662323035643165613635353439373664333866
65323164336565396265333563613639373738323764653965343164656366613866346434313166
61323830646231653835383339613931373038373362363763623438343134663431333865643635
31376561316434656461646565386663363133613135363536656332623530393735323164373937
64643961356438646466353532376462363864643564356638306364343130326564363635646239
30346366323132336338363932666161613333343661393733643638346262623665353836623164
39366566666436343134303333383031663037386133633139376232323936656238343565356330
34393332363338623030366131333336313739613763613065613137333537373863326264393162
35383435313336353365636537643031326364323737613533336561333332333632333262353666
66373861633161613336303934396138376238326438353565623033666635656636653435646164
32303433383563633031643934353238356131393732333930313666663333396534386438333563
35363438343233376262366438616264303330366135653639346566353063346239313361653165
62306566636231633734353436393465336666323362356163613538326238653638353238333438
61393064643632373266626564303162653661333230386162396361656161323438356531623331
31646338303734663561386534613630633161393739653933333865643930313166613133396134
31353863316365363837623333613362396564373965383163356233363236316165336362633032
37623761356361316137353034326236373061623464303230323264383831333739346133346265
30623265393362303237313464386630316638626534633062353239383364636464633165386232
63353939316461626432333363616161643130616238653037376537343338346464626162633066
39316338643036656164613138363164653937373638656635333630376136626363316663646235
31363338393033316466356437353635646432613430613763363639613637653563386238343136
36666366363136303037396232663934343262396333386666643262306537323238366633336439
39333962626237663166313764313739343330393036313236653264366331653136343763613331
38376663353164393436636131323866653030343231393637656166653361313431396365646136
32393734643766326631653133316230343266356563616565643339333637646263366638396462
35353263303833616431353935653261663239366563366663623434366635346562313335326364
33613735383236623630313835643064653632393165343337656639646536653539616630343661
31316337363064633933636661646664356437326237383938366462373437633835313266376136
63663436396563386364363932303737343265336231316234323030313465656261323536363262
37346465613664616537376233396538316366613562303138323964356232386435333332393366
64336566393132663864383535383962376233383031326539343732313634326364643232303532
31626462373533663562626665333938316536316137653239356332386131613633653533643239
38353364313831373864303835346231643261623734356433373737373238636665623665613632
61396161313963613162363831643836663462326462656162326436636432303734666233336239
30336432383034663139363933323933663835393230386265666639633666303138346161613162
30663761343930363835393232373432653432623964633539383938306635623235356664623230
39343464313139336431666234323465363864616436383634326363353164633636313131633531
35303739306461316662363737326437306237393261303839336231346533353739323738376437
36663237393739356633323062373933643364393666663034353938646362643931333531656638
64393330323664663933626332386663303532633737343762396637303739643464383364343763
32383735616661316436303637646463623064393433633064333663623263663334313061373430
63303066343334636430636131316139636332303437653662343839376235373464313639626264
32613933363235323632643031356237623830363639383932386334636439333236646635393139
35393532346534666434653334383935623831623665323933636135306137303438613138636364
62363339373061633534386665366139386335663439386639366461363332383734633065396534
61336430626131313032333561303062626562623439383566366264343033393133363135616339
61313832646663376230626231313966663162313433623634333139326565356538636265383635
37623563653337623632373364383031393230626432396339366631333730343464316664393838
31633934323032336534323631333161663166343835376631346366353432663434376239666162
37643864633734653932393734353566376239633530653439313661383038386439306633636666
37316131336130336335396261663861376131653031303936653662323338396264336236666432
30663561396565356363346435386236303664383166393230353366333433306465653637326438
37303233303338336235323738633263373662313866383234303264663962306362326162346237
30323866353237633030313631386437383566303332316337666533343462303031303733383739
37346332633131356565636538353966313732326330646333343365636363313432373862316462
37346532326331393663653836373436653564653834633738363763323561633963333237613933
34363466323362333032306665613436623362396632343463326331363130393239313066626661
31626266376134393964653765633136373465623633346239346537323033326461366665623166
33663530313461393864633734393932326231313162373962313938643766303937616532653239
36363166396666663262633133663438643963363839353365343462336536326630383762343935
63363661383238303965393532326334353238373530323631333461363439623735333464346139
33346331363461623261333138313932633937663866633334666438656630653466316331393234
34343330323930383933613737363735363363663166366335663762376133646639316635656234
65636637313063646366323562616162316439623465333133393637316130333765613166333434
32393137336431373866343233623232373836646566316364336539356636636638663365373535
62366662633938646439383735646535363961633466383466393337323234653838363964663661
65643066613961386231373865376330323230663933613162343830326631386236363832313264
65653832376531383139623131393864613735353937643939343063663261393365343431396635
36323236346565656236613430633864356535386561616634386162303230343762393239326561
63646230313939623662626435383138333831316332616339643538663733323033353262363631
36386530373239336433353762386131313762323632636239376130303564303936663634366565
33326665393332353666303236303861313034343031386263656531633139666366356666306462
36303965666633303965626536666531373261383165623866363637666635383132303030316630
32383735633936303837303165343364333265643332343162633866616431326536316132363865
31616132613666626637356634643864316538353037663431623061373036366631646230393634
66383235393938616537653036613831373565626462656364323161326564316639313264366434
61393533346662376537383930623434323535626463383864613035626333656332376562666239
66316330613135396239366637393331633161303561663134383034633265623864663637366464
32336233366330386636636263303439666131646238633766366164386361343561633331356265
34323862366536356263363933313835303365396662323239353732366430303764643430626532
31313937386161306463666230613935626366373733626532386165393964323461346162313137
31386464653264366462386438613066396161646236323436393465646166306432303561666237
33613339626139303435366536326236653865353530636231653661383631376533323465383136
66363530623337346366366538346332643232653238643034646563323665376638613632633831
36623434353330663262303938633565346532343065343866613536343832626235306230636265
30613436303365616666623534316261306562366139316262306336373834333165353066373166
37396130376461633838653438343665663135626264313132353638313162363633373331656265
62343035636634626633666565333531363233313034313332623764363563333232613438356430
37636439346133356430613866346533393430656538396333323938646164346534346463653631
39313665633134353538336637323335373434303037366438363862363438393037353437653264
37623530623738363036353665303331333265386634376461383139333965343238653037376361
30333933323765633838383235383865346562626332623363386230326431646632333434396635
39633663636339653665353630336362656263313235373030633939343934383439326636346465
30393732386365393133356233333531666362373332343332633532646661613361613032326665
63393438356336313432663234383966383462643261303061336533303634633861616139383638
36366334613962376137336231656332616365306636653132383661363734333261356234663337
31633963636335386534643061316635346132346135613836393366386235363364386137353033
34633361333363643238613931343731353563336138656462613937373664333937363563373834
30663561386431356131363261343066313866353938376232666365363333636338323062623634
64376436386237653432653932323935656561366462393533356464633034616531343439386337
61363730383066663361333631363563386164663438643937623462356465656537636664613939
61343363323762386464373163396434333837643665613962306661666438623636383766313033
31633836623665323332656562326233666461386563393964383132353138663538623937323964
31643732383136636333396235336635336665323535336563333135303565356162653335386136
35613765666637356430616535653165623237633033333264333561336562326532646630376338
34313764306235613966633837663735306330613634633932323935653333343837633634326637
39663061306330326133363434653535383863343664633234343134663235343534383038343132
38633163633836666464363833613263653261326165623139613236366634326465313633313738
65393039393339626364663161336463613766383436663165393031326463373533393735633730
66363264373863633761386463353266343336346263666661383166316134383637336232666531
30656665373734663864313131623539376363653736353834663936623863353237366537613035
66363832383137373563323838333638376432393065306430366465326565353935323337363336
34386437646633666563313737616130333835343134356136353731313834366466663161343035
36633339313262666663656532613732356663373464346530643637616331366361326332353165
32613039653333626231303565316461343961363465643362303137646435333962383937356136
63623761363738303436323435663933636339366463623531356162326134653162633965393436
36326232623933383965316161386338643433646163323035316162376135656237643634383136
64336535626535653135376435633532343062323866393834636131333461303035353036626434
62653665326665366539663431323133386633616136666165313264623539333262343231663638
62303764663733666136396362636365616136363039393265363930323334306234353964353365
62303038636231353331326364373830333466356637623761336634353064373232333633353332
36373236383261366230313433343537363864616265366564633066663139616632326436363365
61626635663438623335343334353338616165363536323136396333353730653034323930383631
32363566616632643133313337343361326264663761666666356462336338303238323732356138
35313835613831313037646138326565613036316263383536376564356436393363373438313963
38646366363561393138613565636566373564666433353638396537303065373439333139393265
66303839663964666130666137636161396662626433373462623962396665633431643766363532
33626233326234353161633736383563316565636135303263396235396466363865643564373136
63663132616262333434353363373366636132353533303765643937666133323333663863306432
64613964663636313266323133643265663962663866613864363231323864316130636164613136
36663532636339323463393761383863303461633765623037323063353031353931666663663362
35373362333066613639336434313538623537633933643264643931316661383862303062363639
63613830313130656661353632623536633431303639656464373465653036656264313135663735
64376565346135303635653136393233303263336239356163376639323561663136393737616333
36343339306635376464633030356236383536323735666338666436663862343166663839633466
39393035656233363663303238346234323464396534336137313936666330656666626137623864
36363263366130366566303038313533396366343831636533353239326461633765363830366130
35653266393232373564336539363733656434646338306534393362346236646662303664306630
36646162316464366630373739373766383961343133336164633533643438626632623136333930
39376661616439666338646636616339376436396636373139623866313138663265336533396361
35626437303863316436613261346666623430336231366133333339623964393439303637646365
39653964326361313838393438383436613736373432303334366137613133363366326532623030
38366237643938313561316466313736313234313339333162613061393263386362386565386133
61343633363439363163626636323165353932343530346537626435653436353663353632306364
65393364633834303761623164316363626565343034326636306635363337326332663761373465
31386632323763623636336136313833303361346466616339616361383939643235326161316239
38393636323133336235633761643034386365663636363362373532626433356262323062633863
39643537623563343631376138396665316661366366303232336630623639613966313465396665
65393033373439383336333930343738316562373662323262663137343262623437663363623031
36313932643165323864366639313233393734373536636239646466316630643462633230333564
37323230313439353336623361383334306135653236306630383865323261393631636635303633
66323332633663393236333734653662656339366533626431623032373533393338306662663662
61656338356666663862663230373134313764356564626130326665346435303865386566336635
66616330613730623063613033633430336230336165633335653934323830646264643136613964
64613565623362323763343131396237306633393763363965346636393963383833613030383230
65393935666237316363366438326237363163343438396537616439306463306166373139346264
33353730326232313431343432303039363439336133363331636332643135393966346139316633
63373838343038316563623630363130303838663338323837323432316437333835333937393736
32653439303966663833363835363436383437633432616662633061613833346361383531316434
38643964393563323436363931373137383761306630653736656263333837373366616330353963
30316531396335306237303561313837373039643835633330636137616461343033666138393262
34313132623337633835373537623961626434643533396130363365303736636463386339383630
64323662323866643330643238633435663736363136623538363261623534386133376436336632
62333939613230616563303265653262663364363261626435316132363934366636343635666365
66316561653635636662343835653538636435336231626339336362373831396564623964333939
63353330343563306265343537303630326263376235626535653637653761376365363737643764
38383035326530366230633762383534646331306261633465326532393430373434316134356332
39333432386361393833656565333238366566313037316466356262303262626366396230653535
63663935656566323866343165303965623533613761303037373535326235343066626535646239
39383336656434643632376661303164666566313766666365373137376535336366303963393434
34613932646333343639383865643835343636343036616337326361646161666536613038393531
64616335386463626636326531633533323334366562363263633965383065616633666563613038
31653830313136373133376338356531623565393336623766633636623366623862666539623834
65353235613631393065343039363433653162316262313136623836663264356262666665313261
33393635306432646630646361333166376263613362343833306230373139396538653335633539
62663236323736633762383535323137383737303664313163613165303663633237666266646566
65656430626461633132383062393533626665626639306430303139393363616463623436386663
32653265333531626334653739393463323132633462373438613637643232366535366462393433
66646537656638386436666530663436363233323232656434626236313364646162313239313137
30626335323434326339616164616331353433383162336632366237323661343531653064623563
64643665346332623230663039616534393261393330383063653562363838306665313161313961
62363833643037643230306135643964333666366634666364663862356263653861646363636138
37376331383532643039313638656461666266643161653433323931663230386530306466356662
31626439373464646262396664373562396665326462333531373739356538646436333862353162
34626133393630626338373434646332663535346361646631613335656465373435633163353566
31653230376134653465636132396237323532316665636161343732336439643838666132366261
64666530343533313861616538643765313366393165646566653536363961613866306438313632
37363461623332656664346134653064376565656664386539306435323333633237393537383164
65346238386666633531623836623437633066316230623839373865313737613230326262656530
34636438336439633061353639363131666164656635653962656237393932313735343562663330
65383733623538316637363733303363616266636365643939303963653534633665356132313038
32306437636230633432623364623533643539363764323632626363386264393633336163623433
35323930303637343539303334633336643735613738363037636139633663383736343862323063
36363134613763646465636433326364346532396564616262316563303835333538383762303466
34326131373130346536373261313730313639303439626262383063643464336565333437663033
65343766663137353035333734356438386335373839623265646137656662366634326638366336
36326132666166653463303564623664323965326434326636633433343963383133326638376631
32633063393366336133303262653461396236316261663336613961643035376538656366313838
37613461383365653563336635373335616234646438386638376366613265366638393730383132
30653433333439373936613263393034336331666336636363316465333034323339306632623162
38376630373161376664643239356436646534313834643935656333633630666161626533316331
37663839396633613737303937366432626433646432356463383230383335633966303330643537
3131653237343462633665386662643435653730393261356630
