$ANSIBLE_VAULT;1.1;AES256
37356262306662313935613463393862376562353563393832383938663662306166366538346564
3139366539336635346539326631363363346531383963630a343131633662636531393961396534
63386265623331356531326330333961663133646537633735356365616266663362346435366232
6131313832613165320a653630643466633634396535386630303537393166613764363666626166
38646636613930626332303761333061346466353536376665323163373934383532626164666264
65386538653735613935353431343264663739363133343230373437663636643238646630313832
30613664323463333664373036623237316535303738393933366634356163373235396632653430
38633466646162666462656234663435363932393130643164366666376165336338303332316164
39363965646333363539376637306535333833306635326364663439353136616261323438326330
64623964366631303962363632626563326531386566323532316566616262656234316164383962
30643732653835323234636430333936386366633863643336633237623265353934613764303362
37636437383938646264393866663663336532326431313066613466336665656332343831393831
63303030306539383465323062383763323162613161343366613062613239326135396537633062
39386361336237656634663133393331303530616666396236613062663634366134656661616138
64613336373132376562643130633135366161633462353462383364303663653463313862613765
37643730613565313836366434393537656530383937356435303831306434343962633630653364
37326134636666656561323134393764336464613232366663326363316365356334613761356532
36646531623163383164356565333233343032613833643861313435373736353663633536326632
30326237363634386334333265353633313831656639326461333334373833633034303466643565
31656364366337626266353935363435626464393764643165373535313037373536636466303433
30373762653739626331643934396264306436316536366433623864316133396337313931313463
38313935383936386635663065636639663261363238333163326230343263356164323034663335
61376237333539366361333637346232633361373030373132326539653161356663383264346536
31623939616538336231303632646165616331393531396134613236363933613831626435633537
61393861366137663463326634316564313338373334363036643065623038373963663235336235
66396634636462333162326633636165383334636266386433396133343961633537633563353962
37356136663164643962336263373037323636663435616165396330326466353761623837316636
36373038376461343866356337666534613935656334636632323238643130616139356338336437
39613363653665666465316334373632643232336134626563653562636538323537316237633635
30303733613463393633356332363938646561633531353362323039666339663738356434636239
30656161316631646166616466316165623663616638643239353334666634623466313665396130
38366363326538316436366531366633306336386431323530316665336235633834663962303436
65396664326161386632656436313665653965303438323033636634373037633635373965636530
62616532366238333865623265313266633836643734636162643633303363313638333634313663
32366465333135373163396639316537613034336336643236336666633762363330623937613638
31653934656630313735613439323634363939656631376434626261326530633831383861336162
63393162663665333165383033363061656266643839306532346661356365313635313862636164
37313361393866346162613461366164383235363436656638303231343663653435346432323631
33306637666162623462306131373936323637343738386539363666643736643464393833373766
31396466623133343435613139366166323736363437646136343935633631666164313635386363
33333763366538626264396237646535326436326165393662376339643965343566666333623537
30333937376161646565323063316661616234343632386630386237346136303861616336346162
35666261633730303161623635663063336231623065363162656461333336343634333537336664
36666136323037643432333936303337353634653535613464303938646237393034393535383939
64376538643238666139626133303030663764353561383137343338383362333666613866656137
36343635396533656234333930666161616366336635343237373431336562643163346166306162
34363436643030376339316635353134336535636163363537373266373462356664336461616239
35613633656565636631353539373264643964666563623536353761353836633939383930393938
37613763633263333735353965383932616561623432643533623964303939316135353737393463
33633039336666303431366363393238326335656132366566316561323736353664333934373537
62303462333966336434643635393936343936303633653939623233376330353335653562316165
32356661376432396139643165313934363062656163353534333662643736613764313431653662
34663032366535383466666132326333323733303335616330373038623865626264646262653830
63643163363535373833656235646336386335303233616235643535383433666132373639303533
36346136346138643361356434386238333439623562663032323532356633303361643839643731
34346331636630616662373034623539386562393665383232663338363834373331336131653330
64346134313465303436346133393766656333643333653638393135636462633566613662373264
64316430313932323364323637633464363636356133336238643936333732623932633062363863
32623130333136353665633232666361353737616539353662623032383036366435613265336564
32636230303763363661633038636564626330636333303762303164386364623535636430313165
61623839633333336362383332616665333138373731303664313431393863643964333732386463
62636365373264633936306335343533373039356364336365363831323139633763326235383563
32336334306132306134336237376335313133663132323630666465386430393665626464386661
31366366623761313034303937303638346164396338376536303633323965333934333033363435
63343166306361353461386130613134623532653664346634646236356436393334356561393735
64373934646630666135653930623933643466346635353164616337333262353035313535373335
62323533613933636562633631613530636563643565663065353066343933393631356335613061
39326333356363323364393166373336353236306365343336356463646232376335333461316639
33316131626231316563616264376636313133363432373861326265303132333939323532346236
66636564373065623662623861363865346462373762343635326266383664313765306332303338
61373063353265306365356631336361666435326538396631663763626564333462646666663235
34313235336134353330383161666335636632383132313733383131613635333438343834656638
61613433323263353062626365333334646665636230336666356439616561323539643233633666
34663936346137623666613938346333336530373234616664326434646462623464336163343339
62393731663838383039633136623137373363366235363161663066643332376336626538353735
33383964353839373138323266623734383838363264326365366461656266356661343035316135
64313865316361356465656564656439353066623362333866623138346265323936613764636134
66393734373130373065383739303463636261343034646365303630383935656535383233353665
31353131303262376165363433323063373231383034393832656338306630336565623934343534
34366233336333636335393833656166663735636632373933663234363561316139643365383262
33326333326238303664323236656132346433623466323432333064626362326166643864643864
30633439613562366531633334663935376636376437306331356239643830613131633637653333
33663132356535626361646631376363343233396430623961653037623564316234346130316639
66633033333664396565633931306262343861336264636633396662653263313530643066313065
65333263386665336166613764363532663438323661323637333637633064366533363365346462
35356264613861666563643934663163336465373466613931346134353564313339633832313339
34653966383933633635353431303436323838323531373838646662396635643936356462616562
65373337376161313164313332373230373834306230396330346363326237323535636364323464
33323938663263643333323236356638313963336563333631303033653330373436323136363066
35643435633166323862663931383236343066623266643734633335613932346535646639386635
33333931333666376235393638633234303139643330616539356462316232343138356231386235
31313965383461383136613562663634643435356365313834376237666331303133326337326432
34306431323830396432373331373065306465613635666165356530636130306334663538383437
38396335636438383834353836343031383034346634643962333132633431363063663830383737
65353735633165333036633632333764623966653864616332363662616130663637633031316130
35363265636165633461386539626138376563393837653862663732623635303135366237663466
63636132653965666439363231623162323561626366396166666662313430643365666331396231
64343662356663326435623630336261363832613830643462386366393737303838656339643239
38366435353532616366646665343364353634383462646631346236356230663865363530343037
39626366613331646337653836343734383431313632613434353135626165363266303937333862
65633765653538353230386136616138346631373236313666663463333766396432636263393439
64346663326362336531303665616137386463346665313164656363373634316565303233643961
63633137303661653835616638653866656330656164383062633332386563393936616331633339
66366466393566633462356566316262346239653362333337343933346534626564336139366438
31626136643564373066343562323334666330323132643430636561373439636164616632343064
64393134373863333461333235306538613131386430643263373435663537363330316466343935
65646530333865616134316165653937643166353266616661396138623830616233303537313031
66336137613365393766356262363839366161666636666235333538616232343266653936386534
33313961376332316536336535393036333563313163636332623332343139363131653664643136
30633461613433366130356634393264323166323766663037353233303437376263323861326261
35633433636563623038356563653434643862396533393965633835656164346233353330363735
32303436373566616535633366373435626236666363613932636636653366336438363531326238
33613563383363333332323734623035373837623438353834646162363463663531306361653337
31356133646165646661363061316163353866663362366561616265633538396264636661663964
65653833643961303536633564323862346339376361636362373435373833346630643564393332
38313538616135656563623630633861663961376264633366613664346633626361323432346163
37373131613730323062653235383334333933613065306163366662366466323832646364326533
37656666323766363033336561646363643330376331333439346230643037363962343431353436
31666135373734323233643862363136316431623636396531653564656231616261616361643465
39353163393533343130363032623761306665373765383838346531323630653131653338373532
63386462386136633036303233613438333630303738313937313962653666333030646465343765
37356232383366386165386334326663306364336561353863313565643230616634383931326538
65333833333432646238626363623162336464633934383331626235346165333563353731303731
33353834356431353366653530333335373366656531353534626361376134633062623932316566
36353664383738313963356437306666373835316162336337663565353738373438356464613261
37383166396331656231653730623137363638313235336533353633363338303230343763343138
66306664633432333863346439323030396365633262663636386565383839353130356531363834
36623138373332363633343039303835323136653062313131643761376266666236616232636630
35353938323435363561373334343131323535643435366638313634373761666164613665613139
66333939303634323839366162356434346334316638326165633538316532663564303631633234
62663662333964386635363766613562326565633361666264353363653262323435323036656462
38316432333039626532663162316264353862323232303232383365373439393461303661666536
65653531313238353563616464653632643132623665383961636266363566396266653163633834
37643633313238613430396464646430636436623262393334303861333862643337373830616264
38376231326235313964613134663635346566366535323437313138643738383832363635376530
34626564323832306637643162616331353830633364363737646266313331333632333938366335
66356531323436643139323463353239363165623865373430393064356164303732346564643263
37663363646564643137356365343238323531313030333765636463626232396662626638633162
39663935623862353762336239356236623638666237663965393533663361636665666563626232
38616437383236663361646566383833303164666666303434363732303338633735666239383632
39336364366336303666323561663937326562333630636139373634663831323961363939663565
64656432363236323236386632376161326239663566383733333132343363656661393162633133
31366466656562386434303536623831393739366235353033376234303638653636376338393962
36643464353639616233633330346635396639376435393134313930613066376561363931356531
65363465643862336561363364663838353434616338623632653361353234303363616165346264
64646236656566316130316232383430383932343539373632333639316238393166633631363335
34623632366634353665333036616632323565643132343564323731373735333832633130653465
32646131393636373734653464323733663830373262663836613434616135646439613532396339
38313632653136326233323932326262343435393738643436323337616539616137313036333037
35376135633932383064346263636239373565353332373762663131373864613635386263663363
30333331363234306331626665343436353664613961363563363039393433326531663234316362
32316430373639393865393937303365326231393663346661643465646134623665323434383439
31373465366633626533396465353733396635653335356139376336646562343639303765333233
30393262363138326230373434363335313634326236343333643764303431366461336632613136
66336561323666343332373239323638353962633235663831376638393637653963316664313632
65383630636434626330336631653664376637373161663832343330666333313161363139343731
62306661393933363033343465383732343861366631616239393164323538663166393830613336
32663363333536616438306565343032303734316337663937323836383666643930376463303235
33323839623262396134663666633033306262623564653633343836333561643763373166323166
62626562376262366636366262313831373731306131343762616338383735663162306230343235
39346235306133383530363062636434636633663966626434653663663762653939633034613264
64663265326633643537306632643933373832306531386132643734643765656139316262623163
32363161333364356435383732363763356635633335656137323263343032363933363264643035
39366137343532333839356661363338323864393361313161643834373639646130656237303365
62613839373931363838643439393063363038353035386330393535666233343930666436343132
64623132646539376365383336393966346537613032366161623231613966373831613733303662
31313437323961393235306533643263663362646262386636303430313833323639356462616263
39353937383234393161396639363638663362643666613837393635663935613866643537353964
65626361363835383163336562306534373765653538656232373866636431343262626333356438
61383465393434303231343132366432663239643765346435613738393964376461626534633966
65666662636665636136323863636438316435346439396237303437323636363861656131363965
62346631623030313966353734313666393262393065353334626430643331396239373061616337
33393835343931313037386163343937643038623064373764626331326336343538
