$ANSIBLE_VAULT;1.1;AES256
31636463623731323733636366313632323735336335313537623134643635366463666236326263
3234343861346534636139343164643638396335666466320a316332626630393436643139376231
39323464623531366161363966333333656664383339393764313833303465643262363333616264
3330336561386363330a393862303831613931636239396264323337396261393035323639393139
39363830633132656335366163383232613336336162316535633135633937386236336262343365
38663637386430313734323464636538666666306436643531646233316137373161336135323262
64313135656531366466303037316138386263613730393463333363396433393231646461373137
32336339303666633831653237623933396664326233613162333564616237653264653166303339
39343936343761396538386531343936313764393835326662303032613662366265353264363962
36633633626563356236366636346132373364323439646361373837396562303930626435383638
31353237336266636664666635316539613336663436633564643232346238323936313332663231
62393632383234316435383662396237336632373361616332323534653565643461353836356534
31386564323831613239346633643730333630383535326632303332663961613164383463353065
65333332356566316137623931636364666235623533636433613963653661653638383239386632
63623931343730306562383333353232626165653062346631316266323434663336383838393633
62333365373133336438343463396366366566643565663266313366393965633564333539613233
64633938356634376166333164643032356236626339303263356338383137333030623761353962
61353135633731303364353937343634626562636666646138376662333066353936306437363963
65646438356538396239373764353838343233383635643236336161653634636163343864643233
39656538313032646263626134336333333030363230313462323035313939653564303461633566
66636263336532643665386430633965386234393536653330363663326265383030656461636563
64376566373462373535636466373233346664383533326138386234393139303364623430353936
61333464393064333064393536306662306165323133373133633234663334356133323033306662
62663934373431666438303936343764353466383432306466643462616230336636383862613263
32393132643334386564383235653330333438343633313930363034316536333162653336343938
33653761626437393335313531653161356431663231643037376564333733626163653032363964
66656431613965633733333537623765656331386337623630303663623133393164666438326364
34646539303031363136386662376466623562616163663433373333646336316539386331326661
30356236363839666565333734376466346661646130623833646231383365623135343261343535
35393339376134356161316430306165656436356234383665303461366638626464333038613661
34343437323363313631366366303831653639616235353531383332616461303938326532653065
66663532323464396338306532636164616139306634303733633437393865316336343864343738
6232
