$ANSIBLE_VAULT;1.1;AES256
34643535353239323132623533313134656564656237316334633334303062313330343731396461
3565383134663332633261376662643362653035306263330a303465363934396635343631633737
63303564363665623162373935396565326364663033306566323131663162376230363631343765
6630393236323030320a343164343038336566366261346465316235313466633732336564646366
31653633396331356564353938343239613638323537326462333631313965323466313232633236
36356264393239313064366561373135393065393332306336336364613064636439626436353837
62656232396462633663313037313164396361623934326134626362643833336265356331666233
31663361613062383635373138313930353165363161646138656130663661363637353338313631
62383264653535323665343636333866623438356261646661653761613033393661383462656337
30303433303930363032313365333033376537386565663832653362373963366361393436326338
64393539653139316563353332633337326336316634663163316239326661383461616166316131
30626234663036396363363861663936386332323831653831343432323563666466633065633730
63313037626164386531366665313633333733353835336637383138626131386164303966633837
30363633346333336237326662353031373336363064613034323638613164303932626465616538
33613664613431386463346338366237376239383534656665656632616632356463353636653730
35366265386365663136633166623431616565373839336664643037646333643135343762653736
66303535623864363433666133653335333766313737386562653039663730646239313462366264
61313232333565346336653565333230666434343536643735343061346234633030643330646330
65336162663437346635636663613336383463616132633063316630383363383235343464373538
33393362343233633262666432626561323633383334646436316463386437316431663734303662
65366638336130386561333832656634323231646436366137303035653730613765303330623637
37303563393235303138383338363261383437653930323865313336393161376165613930326261
37643864356162383737346239663938623531333864656432613038396662613532616561636462
38316662643664383131366434363234363261613736376566323264343838313934346535326535
31333037623262393036636463656266356365366465323737633162623762646339623533383037
61613138353137336631373736396161313538323937333732653665326532656563376565366363
34393363643765386338653037633938643463383037396566643733346434313038323164333165
39663436383465336438313266343536643735383733323962323135326436633432326538356531
37653133346264353834313266623566666338663031376166316461393938313633326430633262
65353339383632373835663037373831616366303465643335353630343632633132643338333934
33633530633331633637666436663737356137343864663061326461633137313365333837386338
62643365343931333130396336376437653137613062313133303536393730303063643066613362
30333961303137363038313035333636633266373231663335376431363865396466373236623837
61363963373335376438343764333034663835666533363537306532353332383738666430333138
34376432646361623431623639326135396162313665313466303438326332393264336163633366
61633433303635303130363932393365313732373039303230633462346131616634646139393738
37313266653863323063313534623564353337646430616166386161643837626161326165313561
36623437323239316130636631303663336432366465323335336232353763393861633736633565
63643433616162326438316461656466376366333262363036336563303662333331336634386462
35393366376431643030373436646264663235646261303931396638323438313534653832626361
32333635363932313433386439616235393138326133653463616261646265366663383064633263
38636366306366313866316364393562316339336339313331643763636362303962656361633537
30656435363163396666613735313533616264383539343638616564653935653563653663333762
63616636323631386261353034346663353530373134666366623637613835396265653939393134
65636533616662373331623432616535666566343335373834363032346431653861663661393565
39383933333632353962336639353035366364663565616638366135353562356333373537613330
33303230363066636334316161613035316332363034343363323533303461333733343231313036
66633765306564663662616264613665613166303733383132313365633861326634646361613762
30643433636664316137346537623761636434626366376330653761363962306631306131653361
39666461353065353966346164653037666262356564336263343065323861336630653935656136
38383638333364383563356164613230663266356265626563396664323139666266396636343538
36366664313633346432353766383432306261623233313436636266303666353839343866346538
34333463393932303633306231613235623939353539633330343438633532626163376232353562
64616661313435623832623534353536396432663933383462666632333635643961353261663866
38633733323063663963376365323931643132336265613461303863646235643361653530383165
66636434396335623330363766363062386132623134336437623664373238383533393462646636
32313161333664386263663661363134313566633538383661346665656539333632336164373863
36343162306361363337626631376131323963656139643238393032363463616430633863396134
64613163303761643431643236353337393531316233343063353734616233316133636265383539
62363162343863613166613031323732353038373838623836363764373238373064343237656438
39386661366462356232643139396334393132613937363361623862316463633532663034616331
62306435386639313032363164303638346164363631363131366338613736353463333061333339
64323265383363333964303364316364666463316631373933613530613266633537653366356265
66323866323665646162393264653364663234393761303435333265323532636361346363326430
39393334343865613730303031343836393739663738643333333063386161346261646362663730
65653335656638373435616465656530356330323532656566353533353133656239333133623864
62656164613065663331616265663165306264396436663433366632616266303562373531653166
31653037373363303436393434336164363633626637346436373634353938656133343836613565
66316233343038386330393763353961353931323762366139613330373933313566643634623133
33623138616564356663363665363161373239613635393835666633626338653132633034643562
62376261383634343632343636663332383037646631643062643437343866373331316530653438
36383566343563663562306537636466653865346264646362376163663532313335373666663235
65333861396466663966343533373766653465383866366134386664306238636163353261663931
37393263306434623865373863396136313366323861613866316539623636383938336234373433
65386432623261306436343239323363656230636161363030326637343765646336376133613566
63646637396165643334636138313833346361343963643938383932653833663061326134386231
61626137326238313930373537383633393661366661383634626665326164333564666265323361
30646261333432663964363862303866653833373364396238343033323338316135613366303563
62326239663136313635333765333361323535356263646531376162666466613666313761363537
63396134303062393564306638303361323365376263613432366131613365613161643034373538
30303365626365393032646235636431386137303238353137376231313965306536663531613033
36613762323535323535663632353838633963313564333037393662613964636263613763383861
32353133316262626466373131373038396537393131373663376532323563353830633337376534
32343339383232663431393531666533666463376364336134393766643665323237653761356631
38313961313962343936366332353730613161396336613533343132633334353366323235653662
66623735316663396634333333356533616432333533353030616437353566663630663464616430
61306430636535613962383831633030626164396336656233366631336462393135396664663531
37353435326566346335383233373237376162336635396230386165643333653464326633663932
63643462313833626138313738346463373866333563313833653132353262663335303761646433
30623764376565396437623335396538336334616265616633653966636663313937306437646230
35313764616633653861396462373061366633343839636536656233306339373239643165653264
62626132393437616561373439346238306634616363633864663931373631643033303435363964
30393431656432666262646435353436623261383932313539396230636136323335613365383961
31623363616531626563653266623233613435353734663935646365376135376137313433363831
33303064353561643263343766383236643836666230303033616533336433373939613564393361
61316532666439633861633465383435313534663234343737326666636235303436646263343536
36393465623164663630373761316138323238356462346262343333613662366164323831616630
36386562653963643835636238633961313232383863353630323963356662663064323961376134
34323565646334356164623166393139663661363734363966343464323664356636356438623536
35616234366233323139323037393731396561623735366362326664623632653364373436306631
66316364346539616161313336356361356664666431303861383531346566636261326639663735
35316131663736373963373631376661616236303935326365333561613565313430303961323961
34326431326632653739393533326466323633346135346436363466623630396538663337353833
62616663386433626662376564313531623639373362666363306365623637613737366362656134
64366165336431343638353738616532373732643639663130313534646633613636613264336330
39663531623838366161336161663230306463343936613835313761626565313262333762353836
39616131326331326233303562313935646230616564363632346632663739356465366364626361
32626562306330316661656134666136323433636234393239313566363739323231623434323035
63396331623337663835643230656464663337613366313933643530373032333730656661626538
37646233313432666261383130366663356136386664323161396466643765636464386339396463
34383165356139396666633039336565313337343836336630316432376165333530316239366637
39306530326533346232613336653539636264646464396432626439623738303632376364633361
64636434633965383035643939656138616130633337346333333662643562623434393639393262
31393663613333356434616634643561383736623561643931623439316436306462393033663235
61333831323362666138653663643336373435343961343135613934623165326331323939653664
34376361363966363931633166646631373463663132363938623365633834373231653963376232
32353831363035616365663234343634316235303135633632643063376335343962373766666230
31326635613430383564656233373730316137666362316561333339633065643437356261326530
36363662303863663031653937613462306363363934653566636438633131363464633531396136
61396338646630653161356236373037346232346463666430666261653231353737336537666436
38316539353764303131373664383532383733306664623562633631613936353237316339646330
37663430623433666139363336346531383132383532346233326166653833316637303665356438
34373162316630353136636333646338343838303561333930363861616133343963356466373830
66613336666664383936346434386437356437323734353261316436373737373539363937656633
31383536633163383437666435666330306533343332626437656262343833643164316132303331
63623762323064353866623739396637393262313465343334343938613936393662333463383931
38356634353461643763613262303731323562316562636466663834316361353365656465333465
35363237373664623761393963306563646338666539386261333066633265623363663466316132
30383964373439323738626339376263343131333631383635373033643866653533656539323331
38313035653239626462366533333737653964666265643862313033363131373237613466613430
32323862613639303832343065366564666136393765623438363334363239643235343366663737
66653636636536653330346633616637373532396361346639363334366163393837353139656638
62653538393039633462363637313661383530393137613439366663313731636461613539333036
31303139363331336262336164323831306532373061306565303032376161653736643833313231
346663333566656633323738343138353233
