$ANSIBLE_VAULT;1.1;AES256
30393866366261326562343239356562653034326236666235333761653461373565646336303430
6236306632306238396262373139653361323564343139350a346136313830383938333232613230
30646130666539373137393032623337396639383131346133323936326430303935663662343566
3531663566653665360a646662333030363937323330363330313135343733313030666437393633
39633935383534333539633065633762326236633234646236656663323861323737326432653332
37633631643131336131643362623262663436366133393430343533343131323931653665633766
63396231353736383962343534356539313638643563356466613434336139366534356237393863
36633230346436353035626536636666376332393666393566383062373639356233656631636534
33373565663564666234323464376333626365653064323362363735626135633136626266386535
63636533653130343739343039303366376663396631646363666530313235313735313566333635
35383839386535376631653230343737366532376666383864646263303830353231373838626465
31323636353537366366383733356337663464383938303933316432333866613136376137396339
62313939363266373163393930616437613761386130643738663639386231643036353932346532
33353932623939376664333966623562613930383364636132323165643863323134356133636535
31633837646239633334623038613330386364303431343434396537383063616432343639313936
64626566396438643865383663373531386465343837643835333730396363313339656230333134
32626437626131643364373632636335626531633964383732373632306465653238343162313362
39356234653332313534383734646231343262613238386661633432353035633665383564333732
33346532336539366434306131303432613930316432396564313633353966373031653038653136
35326637663031326162653531303663633161613037363461343832626661353131303233306137
38366634366630363139376634643165346337376366303739646338613765316662343965326162
36386237313534356263393461346363643365633065303066663737313464353731383935656634
66333739663636336637343666336234313766386666383266653535333634383936643435323764
30623562353864343935303763303739643131303136336235373963626365616261346361333834
30346133383335633131643931386533383738303836396437346230303865623030386463663565
30303735323534326535636234643831356431613766623937353864376366313739326562313966
32623737373462323536386332653938616665646561663939303235663738653237333063393236
37386135363037616532346434333863616236336331393336353365316536376536353732633033
36643262616635343133306362323461366166646534613739633836663932643533643931326262
36643463383266326535373064646330656333666230356236353638356531353432636561306661
32663730393766343039623532616537306134356437313466326233353338373865353735323137
37316636336536393931343934313361616133303437323233333531393535616237366539623162
35323730346262633534373231376534373335656531373231636161356135353731353266316437
62313831323933343763386632613864316365383066363463326530343836366131616531646665
35396436363064326261306464393764353931316166353232643865313134323039313263346634
65613364653737323533353963386332363632393032356634313831343862386435663263613739
34656437313136646162653866616363336531393962356434363335313761396361643531343436
38623236323431653230383564366536383063383663663961363264366563623730326532643064
38626166366333376662636138616262643338303063343761326235376661643766616234663764
36316566636135393263353036616462346366373464333934636431336539663937383135623537
65333137356435336332613766383335663138373164626234353432356535643264373363646634
30663334346136393835613536636232633265376531643062613634616534386538313662646362
63636365633534356164303534633735353563613362653938316632333735376432303631343762
31626165623130393535376566663932363564623332323564353262373163616164323837346437
32616264313464326162333132666237383036386536613439366130346136366131393637636262
38626432663862666137616361393535393732386263336166353539386631346666633837653162
31336264623630663735633935623666343036653361306465333835353438643733393961636238
38626435303461373931623037396563326238306136383031663466393039316438353465306632
36633438363738666135636263646139373430376337336164396239303836376365316630626561
35373334363334326533323562383164373764326663383631613463346230646365393335633564
37313136656331303336313562383039333936666238646338393439393335623436616331376237
64653638326365363661396232353634383632383234663365346430656138303137363862653861
62633034636231323562656661353339303532383137306133303061626466323335323065396638
64633739303561353562326139616234343136393032656165303066376433316539383334666134
62303036346530666663383534643830643666316637356564313361333630376238306335666136
36383062353932386561613662366335323839646538636630386132316335616631373062336161
34663732363361343761333065303165633738376234366436323832653134323163373461336136
66613838653165626137363730616464643836313136316536613230653831653862303030613736
33663236626534383530366135313531333163303263653836373362663264646338386437376661
62363962623338346464616462626234663233353935393366666263343231656234653266376639
37336430333661366534616665343030386666303832303132653964353036626666303163356161
62373964626537363339353863633066336134343436643931373133336563363762646661363037
39643530313236353562656632636439383639623230376432336232326433623761336131333564
66633235356466343338383864613461636663303065366636326531353663323932643962346565
61373534306635343732633835353266646233396539636266613461653562346535336534393338
66633362626638353464383166363037643565353235323935313131333739303966653230333035
34343633353539383437616330326634386562353434386237636234616665333130323239303136
61623336643935343163616565346631393735663466303931613335356630326263366430316461
66353464346161363761663366383063303033303335643839376439616364633736323863386162
61643635326231313261343838653739633432636636363738383235383837393735366461366535
63326333623565366539646236663334643038396530356464356335613464376532336338623234
36323538366433333565643130333161376237666333633239353930346231343438623632613734
34363162313138643432303164396531666237633166383635313435653261616638316130313866
63313963356264323466313736373238306430373839653331376364333263633532643736663538
63346438323131383562366234653731643938653833393530306463373663643435323436363338
33393264323733616431306634386263336666633434653664383734333733386635383139646261
62386231623732656437666462363833303232643330303039393666386234386630613833363564
63633061663230376661646139383265616231653766333261336665363664643138326139336361
64333135396165656264356135616461633237356566303038643963363130343336373431663731
34366635386630373331623231373064393536376364313035363637393339343733353438636463
61363234353534346339336130666434663631316432613535653931386365306231363131643037
34366439316461626436666562313139616332313662663132653066323061366364343865323337
37386666656334346561633137323236666666356536313432646139356637313766353535376538
66346136396132353330636132363962663132626233393331373264353466633537623233383231
31393462346135663465613135626630316134323331306534353938316562323239656434663064
63376366313161633734306462626263313437323039393237623264343636336333623363383830
66313230396239333362636562356537306437636638316634393438343036383964396538393361
35326231323265633865383333373131383936343538373136346163613638316465616139633062
62343934313635326561623166363465353535663763363462343531663261656438393431663661
38633039343562633062346366303066633166663330626266353666666137333161343564326534
35333031343134336335383832343537643635333537313362336134383166643961303961303637
64366563303336393639326331323564633332636665393335656161653962373662656166333430
34373464336266646263636563356438376438396636633834623265313634343565333066646239
38373239633332346639323930346364656561653739663434346461396335653338353639623636
65396232636539373232323662653732623038383431623732323165633564636634616264646334
38363731373531333332616433336266346564383466373562653834373862636239303763396230
66646665343837653634386533626637376631376562316435636464616264353838343661653839
37666261656436363236373061323132373162353862363132383136373961666337376238313936
34336135626635623130613237313363373866376363303362356666363664343639316137646638
34636339353335363835323363373865613038383033653361343064666630666234623138326137
39323262313964376639323266396336626331316463333734636633376239633862313635313233
31613761346533326630353438343565636530396463653538616464313138623737356366313332
34633163346133633033393564313132393063633636646339346130613234373966323166353633
32363337623231353831663736383134343430643137616530353261623937386230396665373335
65353431333762306365643336613864323039326465303365646236663964393039623164656631
36646664653038383231326561613936346632653734653265393162643636336230326132343531
61646338613664326561393534613034306533613439353964343265613862663866613130303264
36646633363565333337323434396236343939626236636539643935346630396431333030623035
66636561373934663531346337363339376662333339613237646532353632366661396330386437
37303762386239393039393538666165396330376135623364373733343362393461666233623066
36343431323963353134366464303666363538383965313935356138613966623366623861323265
64366237303430613238313162306533646661353833663630353831376162353330383938616139
63336139626335623732666530333639636130666466323036383234333137393938316664343065
37633733346265396162643637363362346165666131383439663538343863343564323766376637
30636463623134343464333337326563373436346562313038663963623938353933636665373230
37313330363539316431613065613130386461323935313636643937333161313063643263633738
66636464613330393466626561313162383764393861353437663535366337343131363333333035
31623631386538306662623061613265383161336665656231353631316465303263313631613765
39346535303039366334373637643966613237336334353263333733386130643237363332633038
64326333316363396561663438363062653065313338386132346166653663356238613136653364
66326530356537366137383838333263346232343631633938633639636331373566383862333563
34356663613662643937333564383262303634623964393338623130656532356361383037363639
34653566343834346163356539393539363932363666663331383261303365643066373937303930
63386639656138323033663933306464366335383032616663326164373466333561626535313137
66646365303362363663313437333237633733666534363165313833613132343838633461656532
33653330653533333931613535356665616635373061323865333539646439383330336264396461
34376537613963383333653564663565386365363065356537303861373131663430646266333734
31316334663336313330336662323034356634653638663437373938333936363066336464313662
30376161396364333266623137306366623039373162653437373530333663346334633134363338
39633739646362636535303532626337613461653631633238623337666637336234376137616335
34666566323832316264333865393333366537353936643266353835633733343333363863343831
65653066646261383166386533353464336637303830333063393563333762383935303564326232
66323837353065393039623962336636303963343064333263613435326230643339383639623439
61386163323139316630636363343166373339663866383130653466396230663666353732316332
65323263303238323534363765316131666630626166353566666538336232653162373430313032
63396464656365646138613466323033393161653939386338363734356262393938666438663139
31663535313038613962363539633337663736316232326366306138353563636533366633323165
33303438376631346463366666656261326538383239393134626261383735666162396266396335
61623335633033623839333238333864373035306130353333646134383961396434356131663663
63333335646630366562653063336163613837306631666431313232316138393831633634613563
63613037386661656134633830643430363866663730386433373662303766363239643834636637
61653136313531646233333336623362666130616636383639336336333430303232303362386539
34633939633365623261636466353062656362643337303333346533363462616133653661663762
62343537396266323566646561346237373139383061303266396335666366666262346136633361
36623732613033646634303539656230366461323436303237636330346234373530343735343134
33343862663066323230316261666633623136643335333532393365613831366363653561356364
38613961666535393033636633326332613634653036353434336263623533623564333436363034
34643132333735346532303936366234386165656539363037323637356439666537633237653039
64373061323639653466303838653961363933666537333661666539626337666266636131623965
37366465633437616234633339653431643462303265646337396565323362663336303436316131
66613537623535383537656431613531663532363633353234306534303064653566616130663931
63363135623539313765306531616238393765613433326561303761343966336635633331386166
31663335353538353866323137653237333161363239356332613538343739636436336561363231
63333763313337356562373833343036656564353836393465363261353831316436356133303861
31643535623966613864316665346334633433326436353030323636633861623563363664326663
65313536626563383935386662343661386139633863356136663566343764656534666634356662
31383563363030383130663533333465346335656635366531303765326565303036636137356164
35313665663864386663626432643263663331316161663832313138303336333762646532346636
63613835626138623136373136363335306564353337306665643838396265313030616462633730
63313563313431376162396233346437616130633165356632336632636130333964346230383061
39646462623062333235343339646630313861376131373333336138393735386465303066643965
63303163646430613164323631323136363539323636643464356139333162303830626233626230
31316134663664363861323664333632616237666662343931653663353239316361336637373764
66613635303732366430623337356330323839626433333931353935383935613666393463346332
30346163646532323630646537653530363732613337666563356231646632396337343166373264
61373834343339313535633862343638613734346663303936663631613362616162306334326366
38613363333166343037346562643738303564633630386132343664393638353639653133626334
64633735613662633337363636323864393962336437633932626164663163336466306133313638
61626132376435333766626431323233356261393463303838353734316463343938616534393663
66303737643234653237326330323964373361326439626563326138313865666161396465333839
33626536663865653162623561313331653364373162306664643864333066303766653262653165
64623461353333353935623732646331643934386461663665653034343663323539623030303633
31313036396363376163633365656137306437633561326135363433666634666364
