$ANSIBLE_VAULT;1.1;AES256
61626335373636336438353737376163313561353934636337636332316437303763666538643734
3437396362303633643666353861376330356137356537330a373666326236623039656233623434
39616664313938373665326538326533663963316633393733306136643938666166306338393363
6137653431653132330a633434353435353466316433383639346333343764386132353563373732
31356665663163663035346136393063653766633437343166633536323865373939623366353139
61373963346531656434626464346435636339393737636165333930616131653734373731363434
38366338636535313735383131313936353634373766333864336439666438393534343461663532
63313536306436396331393162373366623239663937623734633135393337623830666630346461
32333864336532643364393632363234323838643530376130633039316536306366663536333338
65376135353637333837303666306164396230656233326661393533636235663732313038643063
64633836663066356262636366643332656430333765643565656631623438356437306263653335
37353338376666346238636235623139633236363637656130376264323666353034633364346639
62613961326532346664616138386465366262356363303033353035383235376330623831333962
65626161643964306237643164613938396439333834653739383439616237316531306139393966
34383964633437323032356137396666343737623938326231653333666263383134616336623061
30386562383464666533666238313166336437613934396331393563333763346534626265323539
31663038333134386632336564656436393633623332303166333935323333653736623138386438
61313239383136646233383130313532303766353036303066373731656136633562623235303036
62333537323066376534393235363737633933396663343633333130616162656533373864656134
64353734353366663865393461633162316262623662346634343633386235373435356138333166
38393535383537383536663038396537323231323234643937663136663039663064616463363631
39633933613064306564363439633264316236613439323838386566636664633563323031656138
38343964303432666662313533633265356130383637636439336233396332643461623435353333
66306330633637353436356266363262363263353664373361326266313433306238336436653236
66396463616264353031306165653531356431626236376265353461383738343663333961353633
61373661393566653437646337663662393866623335386239613430326362383730336630363364
30663932326637633532356139656166353330343236333762366661653830653861316239613933
37356261303163653636646166623463303666633735636432323966353736363961393564353438
61356139343139343063666562393430653830616562363661396334363032353161356563643561
38623235326631623235383862643735613235383139313032356562363830356232646639613937
37383932313534343631343666396365303837633633633831633434323766393331333561326433
35353361323037386435303039626235323334346630396363363766346562613565666331366362
3464
