$ANSIBLE_VAULT;1.1;AES256
65666132326239303639363064323137326365343961626232316633363130663139346664646366
3164346365663532346436393139336263356237323231300a623238346634656261633561633037
39366232373433623663626431666638323138393263643538613163356264383766353532396431
3833393436376662320a386437346662313730663064326333353235663766336666343038353931
65336561633361646565303865303461616666343366356339353539633339633162613332393030
39373532613930326230633035653961323036363130656635663135646636393465643637346337
63373861363635656266323733303438353132356634363462303630326639646139623439353066
39656336646633373635383537613461636666333663396633303065323638633264646230643966
31393966376538616632396334323166356339353266313236396333633465373333613333353463
36633563336532323263346238666336343564323765323838313536366162343463346663336662
32353836656538333530396631666339626131393833333531623430356230396136626439323438
36316537646332666136646135343239393132333164326634323030616664353439633065613762
33373961646363323431336462643666336565363465323562663166356563663065356662363035
37353938376365636562613735366462393132626631613039626432303439363732386361333532
62376461343633306530376264343435643936663835353262373234306337633134383838326433
32373866376265623036653736633338356262393134633830653337653437353636383465353638
39643632663034633031313532323634623330313539646262666561313262376237373139313730
34333461363765336163383837343466623135343766326130616236643038646630633361633463
31343939393138373361383765386561633639313039303335336163623064666639656533316332
65356132613561353932613364306162666466303466663166366561373433393566386530353166
32323864313435386633323936666363653832306562623662633535346564623037653363396463
61363562393264626531326366633533383763623237643638306263326632316536643335303162
64623962346239383836323863366436316462396266373037666131663734303465376439336565
30363361323239353064376533366430343234343736633839376238316237333861396236303162
63356132313936626236306339353034633037663766366535616330393139353339393462303865
36633438346534363139353366656135316361383162643261616638383630363339343032663765
32313363343034626530316361653462326664666230313766396337333762356333653233383864
63313465383831643035626264383739363336656566663135366663623630356266656337303437
33326434613835336139663035393838663461663937303030356362373433626336356430343065
31336665306462306332363634656163626539663165343863303565343962393930313831623436
66666538623066386437653433663863353836643662383230303465663566303731373338633336
37373639336338376264313439343361373639633263666439633365623237373863313465313137
39326266646235343466633838636530393066666436613835636631343834363635396633346266
30623332356361653733333838616362376264373662396661353031653031336538353930623632
63363563376631653861643230376339356663666533633134633430623434373233623533363037
63353364616432656162313462306138323263633637303466373533363036326233663861653630
31626266323663383261333366303830626562336631336332313631363262653262363839643661
38313165636536643462666661393234323236356566643161663331306665303331386137666536
65643363363464653632666239353435656634303135383738373032333635356461633832313637
37353435386661323335353934626561336162383962633039313135623834346536386334643339
37376564636335396434393364666231353337393062633965393532333938366166616465646362
30323065303732666464363063303831663130656161613032313235326436656633646531343835
39366664353631643930643130323636636661626630626166366439353137626632343830303835
66336132643765623338333436383662653061363732656630316133323261623333303838386530
33336665363332333836393839353430373461306331316234316531313965623638643639656164
39386633656636626239396361306661616536646633663734326665393137333361623830356662
33633839313432663762343531363039376631353839663131393537363961636562356433616630
63653436666366346537373935386461663734373135643933366365633333386237323062643031
65343333656361613565646234346364303065303532316461336264306163333330313666373137
35656536393331323737643962613834306264366532623638383264616165353864633663386436
30623539346633633565303164326165303537633030613132643061356332663334386133626333
64363137326431303533323331326335626261353336653264666562623738656331396430616330
35666633303638353630643434393336333864663334646532623839346132323663636635383933
31333435316231616662646365653537333863383039663230353464653832386632656263333035
36303835373465346161353861666636323665323166333831393335626562393133636665663362
62326233656362366339373932623633376230386135393131626235346266346135346362393735
62383637646637663231316539623736373632643061643636373035306561366164653436316262
36333861346362356231306162306537323635366233393834613034616165643237396564656136
63396437663764353038633539663066666532613563326164633737353437333161636239336238
36313065383436626164333135346162666463306138353462363966343334346366383635356364
32373664373864306261623633633239663331373762306161343536323065303630336635303134
35386139663638313564356330303932313864313134393364666335386134303435616561333735
35393637383336313038653463323332656465363839633866393364653836643265333965343963
66373234363564303431323334333033313136346465666234363830633364636230393466313739
65393530663731626631343863666631356535326265653164666639303233306332343336666239
30383438346332353839336362353464336138653138363336343332613163663234626365373464
64346535316132613632613764613337313830393565343261623538376234313963643864656265
31366261323633633135373335633534343935336665636263656631323863376165383564663562
61306634396435626131323232313461663061666164353461626236666131616432666166373466
33363532303336363362306535383337663533613661383430326435343565353238663139316230
36663435373734393231383561383063376535613135626263386364346631656363643965643938
64663032313538353538313661326261626236313134373661313263643837313263323065623437
66363837376330313864366530323436306661353330633565336362333439663764656130323565
39383134623735633237646665653061333430303836386231353936333034653734636636316463
66346538386638343762623936383262613731633736653732386239383438636332386433646662
63353439626364356663373336326135653435333266306564633963306539636238306166336165
63353836323735626564623565626161393537373235643464376538653439653830333335653331
30386138653332363164393065326632323334613631663136346231373962346439356463663132
38623238633465636266623837626639353733373238633031376632636263646533303632383039
37613936666530626531346633326363303233613734386664393864323163373231316638303962
39333434376462666434656234353530336433373861353961386231363066303463313433313130
31613466313336393239333432336630653963333432366361393838393166353732366535653239
61643839663831376333323533396630613864666563396234636631396561353564326631396162
36613538613537623631356339363261363163643234366162373430666132613161333732343263
63643639633632613230373662363634643063313966653265383865323366653064653430353864
64383238393166636662393132346230323630363438333663363663643132356262396436343737
33386335643132383765303838623439653866316534623637616437643437636566303836396430
61666336333630623334303961386638653239336663313564316339663735623334643635663262
35303063386539333739326332336236356464303330316663326233326661666461656131366635
64393564383530373539633932383734626163353032376266333965323330313531343636616463
34373935666364623765346537636637333664646463376232393934323261643332303163333136
38663566643066343337666237343064366136313433336639313866383263383733623063346135
66376233363762386361373532373433623134633337633835616631653835366461323639333534
30393436343962626132306539343562343861383537646432336538386137633336643964396235
31323138383934396132316237653139353462626366363034353333323335666161396237383532
31393436386332643038376533653561653665636633633361343666623365616137386639373035
34316533396566653565396435313861386262646231343639636262313132316337623739653462
33643239333336663839633736306263626332363364346336343436343964303563353238636433
35363031356335323465643035613836626433353564346663666362363561656630313530666637
35666633316665366266336334613139623330333732663662353935656165316638316634383364
66313635616431383161336364653536306633613034386436343665663631666336343034633836
37616263323166316664306665346332326339336136303030386230643964666137643235616530
65663034313665333739653863626137353866663363343932653234393966373366633766396464
64333930336366353439396535313436373461613130393034643032633435386564366462663635
34626562353263666436633233393635343533363465633431616561333162616434393137623336
37656438303166376263353639353335646232373936633664366130663566323265666331353337
39323061343733666532643862616237306334613034303037643533376338626536396436623666
66373732333261343930633332313633306162303839653036346364633861333434333033343661
65646466663932313065373537323937353738383333656361346234623432373235313739353136
36643830353961363937326533333663386432656334343132653062653262366637353765313931
37643065373035626336666436333230356236636531623037633934633461313336323338303135
30376661376439356166376566326537666563393130303136316661343163396334643563313337
37336230623335613638623164363235643832323134366236336334666364383434333664306235
61616335353037336537646431316634373837363962373830646631393333366132353861383564
33633639303065643661616336343565383061616137393738643463323838376464633765393766
62336363316361346637623135653135393863393338623836336531613730353063346337613662
37383830363964626634626362323434633237363732323764633132346565663563333966626130
35636532373139653961616538323030323765626434653362393533333963653964663665646139
63323033313563396638633963356531396665323235616563336139343837383264356164633639
35323933346238383336623137316462383534633237663430633463386433653231306365636464
61373432363864623530636138306563663437353931353064396530393665303837333639386464
61656131396531383064633264636333643333616334623433363230353531623266316436366339
36306462373065366339656530373233343063343434313439326163643564343631656437376466
32346465613434356264643430316263333537636164646633343336303966396261393861353934
34313232336333336533633737376264386331383366666232363430386563646263303966356263
66643365373330393934393737636466373237393537383664633330376437343731393030376233
32336161643339666435646330383066303638616637303466613864643939326338636638663838
62376363336366366331346464623935653032623735363439633835666664373439323739623133
30616437323733303666333866316432313532396234663937346463613038353063303961633961
37343830313937616365356563353861373334346631313736363937363466343636333837353664
65626537333765373362393633336133663065633062336134613262623665313535363839653139
63623365303934386330613166333961346236373833613637326233313836323731366138643263
61366338626662323133356630353665303964663031653039383732376464346132363134653031
34303938396562356363633439333661653362316366383430346135343064396639343630356166
65653435643635383162313166653138643535656665653838373263343231326662333461323661
30623162316464363730393565303238666632396139616339346632396266396432356133343536
39663439393564303762336466303737653230653564366161386665633161346230323663346538
38636531323161363162303636313630393735643166643731343231656163383664373230396338
38626536373965626561656432393433393164646564656232363032333964663537306631366436
39303637363033306631623134363561303131646136356461653164353038326235333039383737
36336362316532336464353130323539646464626335353731363532643866356439663964366531
62636138393366393034323139626266656163353035653264346362353564396362353633623730
30663230663636613632616432666337626161656230376334613330396232353038623961313738
61333432396534613234356261616334313538636339313563633332306161633561336436356166
38613563353766323937363461356232626663623632303363376434376265346462363333346164
34656531376262303537633764376566366136333134626366363234383034623538303766356431
35396132613566336639366430393632386663623739376362356434376638343138646362396236
37346134343862343032393535313063373863373631626463343334396462613435373861643762
61663237303038353362316432396638336561363635343335613135326662346564653966653037
33636665386338666538323933653366623830363931343765363530363338383733376665353334
31666265633038636561636430633334346636323037613139323065303934663262663836343735
62396364336565396265613766383930323133386239316231316162623261326435666634633839
33653137633262613236376331396137646462663563333131356333636330303335393662346630
36613431313937316636653661623162306566363535353039613333346332343961666234336439
61383337323065666161343038383565636239633832333061383962636238653330316531356139
37323762653032373530343765373733303139316438383333363031366439656232653736646330
30616430643736396233373937636636323764613836333666303938643036323762663131396464
31393764636336663431633338313835633766313432383337303765363034303066303932653237
30376633303461646565356564353331386636626330633131366333316465646536373361656365
38643463393162633964363463633231393931353931326636643735663336636166646265343735
33386135653937623263613864663230343966306235366266646464383736633137346331386364
62343664363165326135333866353164633134646538333734323435373533643036613930383762
66353563373136363439383930636431666665656634363037316537303463666132663963613330
64343538316161343939623034343336613761343439343831633237303638393232646430386132
61316534613661653134303438363032646238383530613961656233323666663866323330346164
63366664393031323030653533333034653633366139633936356136376537626537313661633465
64323264383263383033653733643661386561316135633861353332306638336366656564393636
33333734663832653563373039393039613730393363636361313166643664376632366234633565
38643562386631353330343661393130653234376564303737333934343539393037393138393263
32656633343065396465633232383863316133336166613261353062343264366433663366666331
33623430333762666630373034393861626235633165633463353731333036653335653137313238
37376533383833376438633137656232633036353033386262396333336266373532303962653831
36663563366534353465333135383966636633326365343463353531363838313439
