$ANSIBLE_VAULT;1.1;AES256
66393634356532323637613735623236393763653834313862613739666134383035353061356563
6234353762366366636539306266666166623766393763380a656361326262313262313133633364
61636433626464613361373335373161623033306433333433616534613034613338343766306638
6663663038316136370a653166316130626432326165653339343530633033303838303932623366
38316538343239383763626235343263663936303835666236313765343765353530326333616365
62386133656666306265663862613531313035666436366634346139393534346661633861326131
64646662303637393335376464323731613666626166353338613131346136373365623866363036
30363666313961346532343932346138326636373061653734643537353337363436656532396633
39343163663437313664646565396638316634323331616163383531656166646561383235316539
65376235323735393338356330396465363165303233376438356333663662393533626335303766
65613361656133323933353764346162616235313031353733313964653037393262626237363134
34396534623237366232353265383636393230393639393564373433376632363231653033653835
37353432646634343135303937303631303738613731636632383435336632343832303034366537
61303633396131373035326131316161306665346434643931396564636534363138656465663264
36356138376539393237316630373733353532346134363665313935313865393539663132346539
62363534313531346137663337323933613239386237303435363531373938386439633332396133
32653432623461363831613738346238653737646139323264313837646236353731316161336235
36313438323131326235303433616166643532646538396136346465353730363238613337666664
34666133633032653032343435313466373666616432393032623064386365323563376633343966
66303164333566616234346635363137313863366362333936656464383435313365616136386235
38663963626638623936336234326334353862346539633131623666663434643332393036633564
63383031303239643737653165366536626537326238303237376661353736666237396135313135
38373130393032653063303066393435326364616362666664373535656437376334313334336565
66363132616431316238623635323137383137626633653837613633353435646130346532383632
39316163373730373531313635623035393565663933393531376137336232306631666364636337
61613432653438633037313462343238363334363565613763303532383763356339326561343536
65613663613131646661653465323666306132346139356265353965303666386333393438383134
34636635343730346366623035376437316438396434666466653338656164636364616131653032
34633265373831323035326262636638353263623261396666383335373166663639333130313437
66363136383764383536386562316233303638383237353834323230333931656263316239373639
33633539643132363636393634643936656537313439616361373630663862333937343634616365
36376237373238643433343363313563306633333132653030396238376531353136376430663865
65353263373338323430663136613763613939656139393238383438303365386235313634663937
63363832663736343862383235316262306436373965633165343432643738396435336137346530
30666362306464346236363765633763346334316664623234326231376139316362306539663338
63653337396530643133306230343335643133666265633166623637623535326564316164363531
30646435623432313031393334396461316262663137393834306330386439646363643465353362
34333465363736376664643335393437393165653137376162383439663065366335336436396530
64643565636364643131653365613532633962366530313834386135643566326261373264373837
37646535656363396262626461626564356466363664353932356265393138626463656533643736
37326239616634333539373431396535363865363966336433636431386565326538
