$ANSIBLE_VAULT;1.1;AES256
36643466303432626161653239313135363636656539663332643238626266666365386361353437
6566646638393732373164663236376164346531663661300a343837396536616138383161333530
30323633336536383132653231656665353764323431363039366265396239373431626163343663
3436343334663065320a626432653430636361326465623938623137396666613930323666323337
61353634356237613437373831646465356264306237326430613066363136336337616535333035
37643838323532303366366235653033383738336137303031616361353865666564396431626165
39646466633463396332316533353734343630346566323239643837626266316566646665643634
37646130623137623261623039653839643166396631313834323461306637643639633435313534
32666130663963643331333865373934303337636336373131623236316165356632643838373632
65313433333638626234396662313738386436353431386264366630333935393437653066396437
30393233626331626532653865643161323665623435643437656239303331663738626361653666
33356266663866313038633766313935393561363531343162353566393131396564316234343239
66363834666330346639393163656531643839326565623166323364366664306436353331306566
38386662643164363134613437383437393663656230326435343234333334333436656339326162
63386531663530363962626632333266653662333564313136636362393832356365653564316431
30353464373363353934333838363939616534623035393734313265653662376261356364656432
64393430363461376338653066373461333032373064303062353236616633616330373731303162
30656238316133333937356233313737653962633635323165666662363161323065353338336364
34633664626532656334616265666432356564323234356361623036306135623634356462643162
36363638643735383138396531616235396665383733623964316431613036336166393762316539
32613236393663356133643234643462356139636532336638346563383963663733373964666161
38303430616666303263356131393163373239663863656363616361323536626637336163633765
38666235363061323339376362386164393266346536316161333336336636313436343966366631
64356465653830373532666334336630343463616631343765366632363261326539656163333162
65363661393964306230663162373636303762316562333735616332333262353038666565666361
61303135343765343835663931643837373030316364633933386462623364313337306430643839
66666366383731306438326232323264366362323435616464346162316635373531376333376237
63393263636531313530616463336632653437643433633536333034323066373133323961613366
31346539316430643561386536616365666435373161666439383361363636383430373933643362
66383533383736396461656334616338616336376665313031306361383064613037613966373333
65373362316236653865653039303862303563313031333037303162383663373864386663653532
64313136363265663835313739613964336262383434623732626130396138303735393662616137
36656433633334386233386266323135343231623933303161393537613234366534623765316463
39383634646563303363346363333535336132373430663665656664353962313633393232313039
34333363633661616135333361303536623731313465386461363362393537613366633238326139
39626638653662356265626236363535613038656234643632633939626334323035613031636665
38366361636661363963663166313763656262396237306436306239623962613537613138303137
39386630346130616534663762363364376261666337646662656466313932663065303830343631
38323566386362323436306531313235633336383231343933383136653439326338383833396534
34353739316236653834653837643931663239393138613863306530353039356435333164613530
65346366396337626561633637633239626332656264636563613862313434343733393337336433
63376166646661303562373664333334393362303032316362333431616138363138306164323637
66323737386335356263353030376330663530623538616330393733643130316262303832666332
62363639306664653832313265623862333136653933336462653561393031666464653064323532
38336265326161353663353663316236383863343965343865383131613530623864323462656361
30656263613736653130363563386236376535643432666434366163373864386339383533613132
31626230616265653439613065666563343566643362313335343039646432613036366364336464
30383039303931643032666238626235386637356236383132393732323962616366396233313837
64333236313730326231633334653366323934616136373637396334663162616166393233366264
38383761386264323162326534356433633334653561663965373837343937383034323865663961
31306230633633623963646231396538383730343232663635616664663161633434313565306333
61663032613837383638353461646231393532663137353166623734303434306136323936323437
34303938313230386662363335626365386539326432386138643239646161656339623865396633
66353264663736383664303436333033393538333434623332613032636534323534376562373936
63326466663962376166613437343039366438616364666232396265646532663566376538653930
65323337643462663932306332616333653565303830353633336566346265366536383934643865
62323865623536326262646635663237353131663033626364366137343035643134333063303566
65363962373139636638313964646230353631383063393536303561376261366463363830363231
64366264616237363031326363613335653163366262393461653039333363353663323234366432
61353437353334643462646433663534323937633966623231393231366564316234643762393934
38666634306136396666346534633036386562626539336331353431363834376532376233313835
36633235323263626432623937343839336464636237633735333866373965666335353330346136
38616665386130353138333966323239346236386234383939303966336336353232386631383064
36316237316131383364633638623932323366326232393764613864633666356235653236633535
32333630393162363064663161303830396432376532613737376361353665323536393437366463
39326631356138623835626430623735386231366537306564343966306633333234326639333432
63643361643063623532656137343865356130646635646230356330613863313232363063353137
32656532316364663665376330636664653265323637323135363538383235383239393539633935
65303763363736393162336137386531373364653161346232653665616435663439373135663234
30636637613937346264613235626363323037353539346634376536326332623839643163363239
39663737666333323234323462646666383530356232646261333138346433653337613464373461
39306661303965313738383838323534663963663130316638333235613961376662633966303165
35333633313736663138626562373930653233313636316536303262386230373431303739353366
37336661323830613839343335363230336538333433373732636434633935363936346330613766
35653731313832653462323062376665643431356237643262613431666165313539633964393738
33626463373534373836373766343165623265363536616163313732303166343331303739613165
63646434323535383638356139626566303566623630343239666463353433323236313761616439
32306362343537303730363466373136626665373432353331373564353363353437336533356639
31353133633263333738623533666266373239626235626233336231663330323731386635636331
65366536663664363763643436393066363964646261663733626363633161366332306236353661
39383563353464313430633630656230653464393263376639396133636265376236623163373930
65353132313361616530396339343331393035346566326534373733653539383763353462373464
37383233643761306665633063323238656233656637623634373866643133643165396232366130
38346665636238346436376635393639646362373264386138396130653433366363386536646236
38303935343364653433613362373864323566646332343036353130653531313735366138366637
39373934363438663538343436316636303366333034363732643735646330633262303539346132
36633738653666306531313165343830343763656239393935623866346339386166323331303435
35613131346664376463323339636462393934663265646537633431373266663534663139346166
33623936303761663839333134613363613135333930386234363038336630616163363637616337
62323332346136636134616334623961316466626133386261333936643362373234376634663934
64633130353939316264313265343331666630306633646436626366366365313664613465393931
31383462343162393033656636366132613064346261323339316233383934363263373038313738
36643665666561363832623936313931343935616437626133383364393635616231393661393835
34613365356135643935356139653031643637393130626232393564316662333430306162313066
31356437643466656264663164326130316630326361386239656236333431613932323534316163
32376466336563323834636537363734376137333039393839623739653430373338656663643132
62313338343938313636623536353233633938666338663432366237383038366466616337643561
36303732663466636165383730316238376261373266326465383237333661643336393339353231
33623433623561663865376265656366353464626530393339616563393630666161613832363035
31376661366333316462313464343334653932386661663837376538633038313739643765313666
33613533303232663437616335346530333766336235303933356132323039393663393965373166
31373133363332633036656161653839393565653161376132303430383762616664363834616461
65663037653535373862613761393037316338333362633062656338313837353637323564373562
39393564636231343861623062333538303665656463653339353263373963613762643936353265
63363138653637376564333934386161373339646138633533393139616238336261663261366632
65633933663938373666363066663438303666383234396666336637366363346565323134356334
35356336656461623638643234663661663730373430343031353961613465356136656265623130
34343263363534323635343765333031633934346230373934386363313364303236636238353531
62336564336465643661353539393832343635313831343765363866646338623865643263653135
65623837626237633063303064336265326261613261383636313837623830653034343663383638
30393463353061393266303162336461663338383062303865316261333131346634353138353930
39636434366262373331383664656335373264336435663533323732636163616362333963346466
32623966656439656261363831306138346431623031623530393637356364313765373433383834
32336333366637333631613038613364623935326663393264343434616662316238376331653139
38393364386639393334333334323663363338366266343336623933323162633736633930353630
63623830363237666164383538356436373338326336613036303435646265623731373630646163
38386235626535313232393033373763393237376665396630333934613965326438356236383634
61383061336236346539323866323162646634646661663731656466356366393664656361303366
30346462326336396234323064663536353434313236393064313933343937303633613861376138
34326631383238336431616535666166613939313739363734346236633633323731396237393234
34373636316231373866636664396232323963373134656663373238666536316437356363326338
31373761346534643634393465343133626564663863663961653361326363356164393931373736
61393831643630366637386137373165313139383061626563643932323865636364623661646435
63663436633964333063623065366239323034623261313563303262383030643638373737623363
36616632646231616535376231613235653130613133313162333264636137306133353438643561
36336536656137303637386336656337316661343730336566333136646163313763323338653332
63326262333838663461643666653137363637366533313632386635353830313931356433636465
33313835303966396134333830646363626632363863363762663037623234306364343435363964
35316636666634666537323334396666393966366637626438393535373433646238656239666361
64616235353562303865346632323865646137623130663732343761393336333166326533653761
38663763663664393937393361313866336262363334653437623731366664363033373666393832
31393232656431333362663232303037336563313031643062313732656636633932356463373862
63353166323834386163376635313937366165356439303065383130353231666464643735316137
3338343866333739636465353833653831363135303232333436
