$ANSIBLE_VAULT;1.1;AES256
32393863393965333338323362643938393066393534663735303263363531346139306364653961
3532333863666138663762323933326264356436653838370a393861316665383633613630633839
33653438356266343131333132636432363438623636323137363230666335636265373637633566
3061383232313763650a643339396132616536313661363838633430313166316533386464303237
31623565363639653535383762393562633432313338383463633238396630336239643134313362
64373363633863656234316465343364616338323063343961383531316237373634316134323030
62363638666632303035346562303565363666366233393433613161336363623434626335376239
34373235326639613861643237626230376662396333393938333961623237376463376634306563
61646463653961353764393961383563373166633863663262333635363135376636373435376531
39643136663633336261393334373134363466393538653738613433613033383439306432373961
38623362653564653732343031663035656363623064633539366438353766393662353231633039
37376338313939316630643534376636386630396237323930663462643139643039393837316337
66343336623338633030626366363033623264323865313161663436643635653538333932636439
62643233346330613938633335656162346137636139333631383464646335316533356330393131
34623530393066323537616663613435396135636335373537636336613865613331336231396130
33393936623330333438383030346163623831616130336666363539303432396463356439626563
64333332333364646164613162313336356166343633353732396266343162346637623939663739
34653933653039333263613636333331303165353430656261363039376435636236613637393031
31646634363565303861393365643433343461646133396261616132633065346266326535316137
33323762373034626365646139623639626261316263663861616233666166373165386234396165
36333565396433306438316537656637306532373466643562333263613938303536646361353532
32633339313839666561333339393630366161343266393233316637316633643163333930393964
32633666346637306133376561373263326232626164396566633630343236386263333135643439
33363532393731623433316364626661636562323465366561363835393163336135373466356664
65326130336336303638363465336536363337313436353334373563356637626336346262303330
61323637636432666661323139303832613535386461346364303630623837353638313431636565
37336430336562656561616437313266363665393461656431363935376665366461303830396463
66326561646462653834333731613931633638323761666137323865333265613132303466643938
36643865616335386565396164653532653537373530346133646230616666346566653664636436
34633262316536333236383865623465346332373337643663636636353966386334336464383237
37616466323532346263303430646661393336373039313362613138373539316633316534353536
66366362393139656232323461656531353165666534663137313364396164383533653637393135
61323830613330313366343734356538653261623536326336303663336532383035
