$ANSIBLE_VAULT;1.1;AES256
66383832346231326137326630653437373061343038663935366638303563333139306462666334
6262333737653066636462613638653738633962373532320a623566363263663938333964386338
35653336333737393761356638663831393932613636396338643136383561653130373030353464
3064373932643537390a316266666533393137646430653937376463366565633163323133303030
33633365366532656332366131333035653035633036303530363335616663333335336637343237
65613139393064373838613666373733636265633930656165646534333336623038316231343038
65333436303863353935313937336539633363643362643465646230663139336237313933363764
39366633663832346631393065353662333431663435633037366462353261396138616137313566
35306431616233323635346430653433656666643833343962356533656261623832303830376539
34653462623231383634363037366264333236633030306635376630356364623631363132303334
62323736373636346634646464666434613934313266393963376437393733613239616537633264
65313939613731636134386562616463393438366638326336666332363338643566353163386236
64373638353734303135383733653534366237613532393430333565343834333235666561643033
34386134376133366566646661616164613138666161633337623566653238633636333365633066
30653763636265326566396531653437616234613836306339646235343038646462623666306663
36343861383437303733373865343566383266626165383433333232373837373937393637333830
39666439396231643838646339633062386337623033316137313961306339636137336336353262
65333361396239666563313137343062646661306166646439376131363466363461653730343763
61316632613339343038323464333632626262323534326162663139386234643233333731653135
32343335646137393232643231303762336131323461656431653566373561366164316263313865
35333464346564303839623233336132353430666163633339633535326262653866623262373433
63386437343031366134343364393738336561373863353537373165306265636534313033383037
62393039326434303166303930626131666661616130393761373032373332323236363738663530
35616363633436316635313865323834376334376436386138623636643361393166663465613365
30343538613831613462303735363163646634633066303739393835633662393330663666343138
64353731316531386366356566616637393933623863373234373431333861623662363737633661
34313133356330383537333736313366623933373731303237613065663130393063356263386661
66343637326636356261353631616261643664613166353236323066333366626538336436396665
34336464396365363963316534323339393234386463346136373830396365306439306165613536
36646565613333626430646666626134613934393134373332333362306138383863346532383238
35636664323233663865373163383037353434663665343065613433376166323038326236313939
32306439653965386264643230663566636166333631643235333238333033373739363135366634
3236
