$ANSIBLE_VAULT;1.1;AES256
39623665313636303665663331383763653733323661366635616138613333336361353739363730
6235613562343536386332356664653261353530636365380a393338646662623531343532363031
65396138643730313861393866313265623037373463326632323038356238353961313231383334
6535323964646266370a633264656239373465316431316362306435323030383233373035373631
33613137386231623631316663643534626263646164663862663034396531633837626330653361
61666337636233383437643561383264623333396533323532386663363564393562663333356665
66383865306430393239623031643565326461656537633632343039313963623266363134323562
31313533346535376132613436333834366464303639656131373062663531316638356564633738
33656237363938373334353562653236313531363531383364303236356663626563353630356636
35663866613666323464613537363961333836383764613430323536613837313830663234323435
31653665336330353331356231303965663762386161323339313131393334646636666338646461
38316661626166383963653539346565393238626534663632323566356535643665633532633730
64303561393962663265616339356631653232303635366664353933626532636466333262613964
63626463393633303130633061333837393766393832376164643465313834653734663863306138
66636538326532313933616331363939313361636664353834383934306231376133616532666566
34303266633931616137376138656462353839326635623931616335613738616365363832393061
32323131346337623038393839386566623362653838336164333936376562363164376265303335
33663537663763346631393034366135343765396332306363626331393132623033623939633435
31393734346433316261633234616431323435323761623262653935393138333833623531393832
39396632356635623833363766623566623336356661396465393333656636613637613830323233
36373663636566613362346135353937373633633266633636323331623165393865393338333464
39313133343462346637323736653436323732383231323139653233373362383737396239656331
34623734666165613236646635333933626230636135666134333331373065623033373661306465
33313062333037363830343264393036363866316634303162333936383564613761316462613832
33656130646531656531363934316532613966353433323664366365643833613865656430316438
39303836343166313738633664383066336137303761643466623535626665633431386565383732
30343366373864303033303234346162393732636531656362626361653636653538336231633534
63373338643266666131383638386566326462376362323861353764363966303062363065626333
31323666626630613165663336663562343730353636666464303530393066336330323034383231
66383665656436363566346137383961643830316634333864353865343066353865613066383836
36363932623061623466616161346133616530333762356432653232623662386366383538323639
34666232356262643336346331316232636536616466616465666538376263633238613865323962
64396332636432663033653631383664643963303565303032363133316161643764633839353732
30386164396536353036396165343731613530373232663265373261353536666465306663613438
65646231346662653661643736643034663962636335643737303563616539613964643663373535
31643638356137316435366466336332306536333530633139663361363539656432633337376564
62363664646533383062636264346132313738393133383136383764636135646430353836373961
30366537616261346633653738653139633166366534643665663235326263316165633039353535
66613237316335623866353564346664613236633532393265323961656663613132666634383235
31653130326361653962626164323064656161386261343737373630653366613866663464306137
36653131623836646461366566663834323032333837373261643137333839663538
