$ANSIBLE_VAULT;1.1;AES256
33646639326236616663633636646363323831646539313161623634383362326631383836623963
6139333732303038663239373231313333353138326336390a633361323137396663326664343861
62326235326661663861363537373838313733373031363830303932316334316232316134653166
6665666236353364360a383530646266363765663935663561313837373732643264653439626464
63376231353239626339666263613435623564653237323338643835623631393738303161333137
33653963666638613465346138313461626339626635326464646636336263323831623961663734
64393835656131353535353861313233376237663766346638613330366538393964313937646535
31373239356464353237313138666233316164373137303563383162316237636439363439616364
61393162613731623738316266613839663039333865666136623161653832653837643433376661
62613065653837333431386237303061623166373237643635376439363564313561633432356633
34646462336539623366343637303132653037346333376133653034623161303532353064653663
64643064393366633062333537366266356333653330303637643963336335626539333431373539
65373138363963653839386436316633353530663866316535633934333332646530356361356466
31316236626362346630643563323966313837313162323333313638633761343466373230663932
64326634666163313333636533623738616633663336376666366433656139653330303665393164
33303531316535356162303233353963633765656331666661636637346166323538313261336430
38663263353762343235353964393632623962653934323463613665303333363365393132373062
31643737336133323164633632643834336639663962643965623564316433303435326335383463
38626138386634363065346538366562313435643162613232333265376565363531373132636130
30616431316537633535356165383630356432343665636136646631663066653632303536393330
62616134323734613332363730303834313464396163376431643837303339653733633232313564
34626361303738356439616333313937643663633263656332396563663335393737636566626439
64343037633332616661383965393661336534393163326136386237656236326237366366313264
33326364366332653237363766303331303061306163353531653631656363306164656531613037
63333138373836306538636133316536653463333637333839333431343766646437363863663063
39393662316139623038353437636361313761653762316566326531313366303565663262646161
35326165323037383161653564633837663465316162623166626534353465393739393632316262
65653836336338373837626538363238646132316338343533633930323138343131336262363830
38353431393531336165303832666261313735346231343035323132343939613061636539656263
39316531613437633764353130636138343262323638633862643439326665393436653364633766
33613164623936346637313832663638383030663238396163363034653233656136643063313435
64313865386535323832623665396163643632393765383237336664343763366433366164353430
32366338663639383438656639646432346538306463663962656161643232653532666532386165
32623566366638396264633833306435613632643933653934636636666363333433303035353338
63646639663863333730623637373136656663636564323036396366326137646530336166353837
61643565373539346165626264633564336663303664653932653733633266373364643864313637
65656663646438626539396135336435666632396164376165353537646433646137396236386463
30376364323565353330363836646339646466333532323230646234303366396135346533646364
30653962663630616666666466353735393132316565643563336664643730653834633463383230
31633963366431313139306465323462343164396361343561666537386438616161366134386537
34613134316465333162313762386630326438636166616137653633383966656630
