$ANSIBLE_VAULT;1.1;AES256
63343038636334663165346637363531656537663166316634636338623061313162366438653966
6264643431616261313034343636386461353031376331630a383333306465313562306337633034
38356334303230313333666233393264663535613336386564636565653636336335313638316263
3463366633353333350a346561613033326332663032653833313066316534326335363431663330
63316564356136653634383063656433616435373531313266303163373030323362633233616262
36656232643238303833333165626331643538396662626236323330613338353037613239633736
33633635306666666632636132333965316533343936306164626233333736313733616137643966
32373334363137613261613438663630373038633362643365646433386262343336643838653633
30303661323031636536343938373638663363633631306230666233336564393033366464623130
37643933336635316562396336383833643665636634373035303165376535633161373232333338
62313632633030316135623564383763303362663862333035366435323766383133353238643432
33353666303033643134346235616361656133306165613936623236653431643836333464613138
39366635363261386531666134326639663536323138633466653066396632363533633364316531
35316433626165303437626334393630633166303034396337633734636365346136316633353738
63336237646137353239653138653237343237666439376163363666663763646464316561663232
63303639306530363230643566633732646565653063633865376237643866653364333333653930
37666264656563333538643137323462343431623135616637336131353230646235613537363365
35313264366234323464326334366465613139303761323861313466303062373933373831353961
36656366393466323666313933303232363435643939343532373035333536343262333837376363
61623332393835653138626633663233356566393965393937386137653336383234393165343362
35353366663636623636653732313335383663303131393162393735636364653138653764343430
34363535363334376562343037306465313735353562306165366466376666306135646263366138
38386465306534393336306431326538353764303537373532656663373230663337396661363038
39313766636564396163373831343630666636643336346435303938323035383730353935376666
38643264396235616637636434303338663562373135636230313137306466616139363665366236
64343839313439343035646637653666386266303735343036316563643964313535313736633462
31363233363564333538663463303864626365383561323962303839343633396261386466623964
62666130656162333933356431313162323565313437383234643661653933386637353065633662
31333237613862366566333937623065643262643731646562633936313161383134383931626433
36353038663431396166303539336334353237663262633262666530333437346236613132393763
62643831313937333135316465626162323365653932303239396562343935636630376139663565
65663864383534613962373233366538376435356162666264623338623162626535353232323464
3531
