$ANSIBLE_VAULT;1.1;AES256
61623535333538386236333661633838616430663334373933666263386639356565633832396166
3236626539306235613162396130316361383938343034300a393461313139383739326331306530
65363736386637353764613838663163613930373561663465386133636139373738313963613131
3439643038326165390a333233353034623233613039393464396637343862363637373633393334
36373262353765626261343165313063366336363031623930616339316335326637373638353432
32336230653534656363613466353931313438366433363837346536306439343065396339306337
32396665383237323062653931663339386263396132616431386564383664396462646263343761
35306436326631303132303839306362323134373537373635313961393264386462666137316231
39386435323935373430646563306233326463336238656234346537323463666162636532663630
39326361303539613264326336646466363366646465373231653436623330663166336234623636
32326565336563336564626538313035333639313966323665326633633763323837383962643236
35333666373065616561316664333665356330313666386366356136316439363637656664326139
39613566663863366261356561666430306136333962346164373730386231373839623234313734
39356664643465323937313430646539363536343932666439373034386537326363616466333739
65636538343638333934333638623030356232613836326162626436383631643066623363323938
64643937663638323538333339306165316230643764366464646661643436613065333838643535
62306531383236333261623061356362653261313063613764666538646231333232636266333831
66306337396231373265643831336533626332663666613135313166306664633366323031366635
35323138643134663535636535636632626164386135636136366338323962386163306663323936
39393266333238323963306134353136366433643063363734386566383363666563616230326134
65613766326664363131393063363736666363336237633437313161383061316264643765353661
32343938653561356532653136633232366162336461376537663566313131353334613836373163
66616261663761323330613137316438666265323666393861393839343539653738336437313166
39316334613534323835376132356234353765386663613131376461333966373038643131653634
30653261396234366635363133623062346464386134663030633430343762633636653938353933
61643762313436616435373330643562626162346163616534636533666636363864366331353461
37336134323134356235393962373330646232356165643561333833306233653062373233326336
65376561393434336535333033333932666533663938326334386164303262343034323536323439
38353533376238396533623931323865386330663436306331393564656534313435353037363765
37623466393836623432393531356330313861633033343166653863343536393637366638316333
64323339336237626466323233623336316266613736393432366336383366346563353237376235
63326361386166323332306138616439393736336632383233626134366136393533373530393235
34373437636139313366303938313964393638633135386235303264613332303565316434333536
35616232666564373665363662613138613731633865663764623931336564653233366333323466
61633562666136326631343838393763336163646232646630613565373537303865373531373634
30653730323164666361663763356232643262613733343538633034666566623532373231636437
31393933323830636639643861376338323930363766333036383438313839363035623135356139
65393662353131323538306439613938623364626639383561353135393738303065633265623061
65396632313634373832323331373866653762303965633235613362663432373035313135336137
35663564656638643938613831366630303239383735343731633264363832363665323437383830
30363437623262633564323037346163333534333537643137333730313432646266376136303335
32666133346130396439623332383164323132383332636464656136353337636463393833653530
65663562373230633732633235373362333539323133376536346232333134633864343765373533
33616236373037636231353435336535623766343739663433316132326535626664353336303934
38653565396431633666663662353337646664326631643865383866383435393764393238626637
32333234383232303762393230323930343865613338373835303034633764366138356664366665
35633830363435336239646138633966613337386265313932306335633338653235306338386134
38623533323139373532396436313638396334316638356234633333333665323338306336386563
33343835616234333638346636343464323961623430626433303838373239346564306431373062
31616563326431343731336462616333336334336630626664373365396661633736336663303832
30626663326566306534393938323934393736393732386330353238383631383366376431353836
31306665336238316466373033373133616266336335333765633462313930333263363162613735
30343237656565633231633437333137643934306338393232656335336639643564653963333262
38386165303966366136373933653465623534333363393862353861653164656635656638633464
31633563363161336161353039343430376632616164666361393533343866636666366661303830
63616234666230346563376632393330346261353662313037336662353863333866646238396165
33363733616638656331616136363736626564386431626263396661363963653132353135306431
34643962633938343764363536343034386336366634666665396239336165356263306465373064
31353134306664326262353335353966656664313332363631336235363962643361396366316666
35373934353434626663346637626166626630323962356339613563626563323964353563653166
38386663626163623565396566653964313330363033386264323037613031646631373533663661
61383463303339386164613764663433303535323736613766306638643364376535656264646163
61326131626138386133313264663061333437306133396666366331636331616261383836373364
61613037306365323935633431333332616163313039306264323936363762376139376133353765
33323563663636333130636164633537353732613061633063333134633136393666613964626531
35306262326534636565623965666431613461386564376132313563666562386238353235613133
38303565373336313835353430343433323762323539643862353639343464356130323438623232
33643363356638666666666538396434343062316365623763363735373130663864376638653736
35346465616366313530623731303938643366613230663633663965653162633366363537653534
30323963643834616465383365393465643034353762653637653433616561613634623136643736
30386236616132373264643563376430346436343035303039353165616432393232666231366538
62646538323265323064376432336433343331353832383837666561383933633865363135303432
32336333316337663961313836356263353732333763353634373865616665656662383339633761
65666365303232383666386233343165343566333465383961313061346264303662383730653133
36336165623263326565633031383264316166633139383566373433393435343236353163613963
39376432396463643866306437313235383032373437346637353463326530343535303232343665
38363966653730353366356334376438303966646631393666303464356662643466623134353936
31323337616662383037393039306339653132323834666566373033656436656466636532383561
37633861626238303236633932303133316262646638346131616466616365356638303135313839
63363237646138386166306637353033303632643066346237343438383435373330356531396166
39313935663037326261636634353035383438633734383365653633613662373835646662363066
39326630373930333637643730356363646261623163656436366534333462646531366330333635
61633334336230323332396233333361343632656137653963626364663236656165356365633839
32643738383736363239663930353861376530316234303962383533383931343264393265376465
63306437656537633832623465613366363035613532356235643165393830313331333732336135
39316363313339393231393834376165363963663737376163326130323961393363336238316439
38376436646563373564323337653631663835633835623564376334396330663364336262653339
65653063653238333538316261663765666430316632346631646535656463656130326366353062
65623030633430636563636236613535646565386166343262663035303634626363626630326434
37343662653935323631353535616562633638393666613162386263353365323665613932313535
36343763653562323932653263343966623664386139363038653766366661363463333636303033
62313165613663343164303133626561336463336561383633343334336463326233303438643661
33636264383637636566323135353134383739376433346432366165663965343332316562366638
35336237353538663239643363663961313362376666386638333033323663373661353835323337
65393932306133333738393465373033623063613533393333353837623632613166666262313633
37346361643164383830343361383466326465656162353930323434653265313035313965313935
38386437666433333764623563623233623465666466336161346363346566376531623637623166
38333761623237366366646265353664663939623361323937386665343963343361653939663638
31316136326435643837363333363963373333653639646131393966333161636538396233333436
34393862313632636533313031376234646231353063303031316665326663303461316461353566
65376463646162313532316538653139633939363965633636366238383366303065366564633631
39316337333232343438633538613466646436646132663761333866356633626561663539303535
37343531333936323565663861393566303332623732353837373539363936616264323830613461
62306233663532666636623261356262356663336532363539316462336431343733343661366661
35336432636366346466376366376539333639666365363634393766323031303430383533303831
39376337356137393961666363613564653765616430346663633361343730373337636565613039
64356436306536616166383836646437636665383031663839363064653230356461633338303637
37636266383433633263373934636130383536646439386566653137353661666537386330626530
37386339386638653666383765383264303631303231366333383530336263323736653131656239
66343936376564396665323530353865373938343530353237343566383363383633646432626264
63363333343938646161373366396464306335623933643161613463353730346130653034623062
38396431376239336132666631333731613531373136356231653937316565636561333465323839
30656636373465616439663339383563623031303434386663313735313536643662326466393234
35666538636435646430313637616434663035663362643434363864373135396631653163626131
34643235653461613362666465646462383236313938326664303764653664623132316236343563
32656262656362626263623937633963333134653139386632633964386636366666663064383936
39623339633465373938326334366363313031366230393863633735333366363138613662383562
36653465383434643562633163373662316566376636643162313963393336653039643035306461
37643734393264613831393030343066623361643830643235303439326438386366623563366238
34653665343263613863663433383261373765626261666331643436663763373662346535323633
39303730663735326163333262653535613263613666643437656163663133386133663566303138
35663430623532326366346165373735393136653461376331396162396634356338626332623261
36663962623666353239386338613339363537663432613436343538356434623239303762396433
61643338303139373333653966613364643330613165373034373535326230323161636530303962
35323733366562333930623030636166663662623233636532646230626464636436643765363765
32626562323931343036373361373662366236616265386433353961643466363531373139373563
65343962353235386464386364623834613838323063656166376137393666656263343661623265
65396639643762333033356532656466633765623062326337643164653437616164386538626366
38346435336535343739393736393662616131663632616431323866646332313538303431643237
34343235373162383234356664666533396336343332396162343033623837386339663663373932
32613361626161643632323338346132376462633730353464653634366337613036653265383034
38613132363537353661316437366538626637653134323237376632643133366161646138356264
39383133656230363864323066303262626338353833626431636637383833333335303035376165
34613865613230316330366366346435393661613233633466623234636464326130333961666339
38393637393534396536356664643833393839366363363233613036393530653061386163656439
61343438613666663630626339643236653839663637326638343365383266373034326630643563
64343464336535643866313037373938613566383430363039656632393966393737633732303865
61373565343764353332353933626266613061666361623665313839363837633062396130653264
34373564366438396561343066366132633534343734666364366665663061643165376635326238
62383930313232393664623361396339653366326430333239653766383362343531613866323064
33646136643836623135623331626634316337363662353766643539393137303438323763643137
63343739373563616135666566303537663938653938633630383161623066653233666335303333
35353337383365656230646562323735656564643961626661656566393234346662333634333763
35353834663064346462353361633031346336373366373437383437613132613166353230316464
34353437623064316362343738346133326564353630363161313161666639663530366661316134
39373463663233623966383134643836373438376332663661363062373964333538343164306465
39663066333465646130343962623837366532663537313739333330643139613365326431373336
31633066323430303762363339636539636538376339613139393565616132356339336666303533
34396437626130363762373634323063336433636362383432303234613862373264613363393032
38386434306566353334333361316430663364396137656263373634643435333163613634646362
38386530646334653263666336363936663766633434383634346431656266343835633666336333
37326162336666333134623430333963306566363964646264396138333538653330333237323532
31326337363130656237636165616662613530636239346439623766323662646434383237613137
31626335393532363339313665663362393832663037643263653864656436623237623138303364
34646138643864326161623039333130336335623766303036646365613366383665363732333332
38633263383661313566626462626336386331363963616438343330393961343062323361393665
30653933303637653535303334653630336561343236633764633663653430393933653966353433
35393265353066366465616566643538623939313933666564396637613630613738613135383264
32376539316266366336356663343034356166633561613533373134316366366264613662383437
30316533306435616239656538353631643536363332643465373734636562333361613930303632
31333462336634613863633266303635373261393238396363633032343139346435346132616534
39316435313234326364613433336232643863396263316534633561633535666461646538373461
37656530353337306238343137383333616233336333343138353636396366623334376339363365
62316337626538663738333733303330626533653731353333633963326361373062633564373265
34316331383466326238366361663935636431643564663766346436303662343536633861316533
33313263636535343164336339616161313134633531303432303739396639613865656435383034
32316164306539633231623733366439623331646331383236613562363066666165306532653863
34373765616333313862353162303962313538343462313630313461346330303061643361623166
62613765366162343433316335396662636534613861663265666661346663353962633631656463
66633364363363303631353338636362363766323639383230323066376663626366306130316165
39656162316532613764333935363065616232353462323461666134643561643734373161356561
66616431636162336538346564333366346633343836616532616339313432346631653133363837
63376362316263633662613936366365333139646639356130336565363262346466313330643464
61653631376663376131623130366234333536323632626463626435306262636635613639326638
37353631333232383737643066393834616431363964343864663833663433356430393165623430
38353335383761613331626666333961633963333838363433373665626262653438333736363864
62333733353434393635636538633761326535303230623032383932363662323435366633376537
36643038383564383263366266613435353237616261386337353230353239303637346530633664
36633736656539663131353663346466393664383063323266376532636130656431656333313137
66383532616365386234636432643130396136303236393462313834333331636665666132623232
34303632613766333334383961313466373237333463616530303236343365373230616331356631
30393062363434663637373930646461313833346330343139613961333337366431643566353763
31643463613763366330343066663263393539333739626462623461313163333137373636346463
36623331613464356336333534626631343263616435353461386131303533316464393431663261
61366535623235656137313637663263333039346237623464306137633465653832613937646433
65343830633362313262613039393562376235373930386361356363373561336530363337373432
34353136633833326338656563343039626366333666666333643033623264656461376364363331
65383163303262653433656361383833343939393737376132613563656138386662313439386338
61353430353163333661323032633933616632386436393464363464333235626264393034353763
62323836653133333834653935633764316466333662383438373863326536303462393061623932
63626663643564373262663539356238616261343833363764616239323635346439623035623530
31656164303939396439373839656337353839616365316562346263636265656138656266383834
62643339343135346263346362316139383863636466666430356466623262633538313933656334
33313762313031616338326465353834363362396634396564663561343666333132393238383639
33306330393665626436376663616134623331376136383838336532323664383361363932323732
63366365316632366266353837303930663762623036666666663737633736333965353764613265
33636561366262356439633034663033333635353038626635613662643636363339303637646236
61303836393162633232386134373033356431386437653830336361333232303330306433336433
39626639653931326561353235663437616461333435653737646438313462643434353633313930
61653735656538396439343739636464366561646236353237656231396239633636643566363037
35356364346638366236336166666661373733376339616334663037653563643830626337663962
38346230303262613462333932356364346533396131626538383331376338373933383230663266
30376137383666303532613431353539636538346365336231316337313135663262306563373163
30393430646638376466303333386665613437313135366435383130663365653535653539343539
34373035366633343663663437646662336138393063316339353163393762346363303930663763
34343135326236633664623662353637633530396261346439353838366533373836303932346133
37643866613064356331306662626564316238393632393661643437343832373664646162316533
35656338383132323236623263363538303833663631393130326337316362313565393933626134
63343333316633396634323065626331383532646635373965613063633138623733333834616430
63383564383832333764356235613032393863626664646562383364353037313865303131613866
32653566336664396361343661376533363866303662346534653736336363626233396162633335
38646337306362636330666536366365653934346164353364613539363065326361613730633637
32303936343532343430643831363736666434313165363661646561393234303235326565333831
64306461633765393130373466363264323630666235653862636561333163386465303131326631
32323762653461353533626261306132643862373530653635613962386264393531366264326563
33623836386536393434616465643435313965323631636532306565613331613662646665366235
33376161336631306661643930643833383933326661363532336533623935666634363065646661
64316537346231613539303536303863363564613437633263623737393131653438316230653331
61623361333635623634636662613430323836636366613532336665346332316264373931303530
64653237643864373439383933343630313761636137396563633865653037363964353139343336
62396138616461633331336661323332616265363537643232656361383564663061333938653434
38643465363436353138356135376132323334633435356462373764646164653737666431623565
37626133303063393962316536663563653930636233353330306239383532643562323031613631
65636565656364636265626231626239316439636638303266303931363134393238393930366339
38633563326563373439323162336137333331396137653637363437663663636663313263306432
33366433613463643735383334666538396465343637306466303865656435643435336638303032
39396530303562636362333966343265343064313966636464396337326631626538633532343563
65616236376137613863666132613833636235643638393539613032663562383665616335653536
33613234383264643463313838396162343733386339356539663536373237303762336632616262
31623734383062343731643132376336653462316130656162383038383738666136303431313336
38623966353432393061366135646538346632313136623239316366623735633264363236346262
61386532626663303738323465646561303737356132323139333563323830336130386461343031
35663334376666303239396663336539393331356538323834613465613834636534643939356663
34303034383763613061306366396637313239313466663837353131313661306165623138333530
38313435323530663430386166323465613430353433366366623362326639663234396635643861
34343938643538386661316633386566386536366465393466333134306165396239313838376363
36636361346533376433626533653262363034363038363833326665373461383863326239353235
63656238373336636137653236353339343361356135326432313130313836346563316164326465
38323333613436323462646430666138323733623461383133623962353730643262396138396136
64313237393333383831326663666138383930316134663037333663633962343037616462623564
36643961353163643038666365633730616532653933333639313030363734326464623231613766
32646332626437653837323861313439383333366630653864623336376635323835616263323930
35383863383666656564386466363564313231643835353637393138323032353936326633663366
64373966366236303936306138323066373637373932363766653263343533326163656633306430
63373135353862346266623264326238353036353631363032303263376163666632326337396330
36633063373932373463663337396235336138613363313962306666336539323530613539636636
66656462663763373631323636663530333830333335613431613436353766336435383137613236
63666666353631343937393631643930633464303235623435353630313436343438616261363062
34626436313862313862343933316533366163323264363831646332343438346563356435653830
35373566346538323561373262393631643435623534336234333362356564336637623931653762
63616366666438613464353065333834373636636633653364323130363562633166626538643032
66653634353731666532363730303166353564343232366463393563376233616339613439623236
38303933336261333833353137393762353065363836653265393962323332363236613638353139
32623562313534313866306361333636623733336335663334383733383235393932353131303363
65393236363237326531613333333539666438323232313733303430373562623939656136386639
65396536313935643930326136326230326261363561613963313837396532376464306664643261
36316236326163353735306132386265663161643139366135643632383136373863303438623861
35356665343464383663633161323639336330666361626537366234383462656635373137373037
39633733396539343031366464326431396430373333386365613464663838383836623331383930
35613235343631396538376436383039393561306537353934333566393464353861336562373738
32613565353935336265396432643230323434626232633537366539353731363962323335386265
37373162336339643636353039386534336366363435303330613263353762336366626538396564
34663939653036653634323064643831396538353836363862616231666463353939663632666565
39313462633234643761313335363934656662346165333263346435353666323337363563376233
30343134346565353234626337663137643864323563666533333931333931343433356637663836
33353330626437386362393036356562383263306532333962366236333565616339666633383130
30653965333235323437303330633237366139393631626634326364346536303566383335303435
65366633643836343134366538323430626330316466386166666262346562333439653635356262
63353532393338396635623433616139333939343163646138646434373464316361336637363730
34623936363938353035346466336361636262613737626236346633393339656139333534383932
33353366333933336334646464396130363536633035393332383837643839376535333333306333
38383930383732646237366133366165646635303136383063646535343363386136376663623834
61313732646631363566303832383866303037333264616538313565303736373037376566323366
63646433373331353861386434383062343738363465373735326336393732366139373836616530
65356163313563636338663764613631663162636466393632666433323461306138383431623036
64656531363330666431376232383766383731393135326466383263353736303936623337646433
35666132633734313161373763313864306238633638376132373939363536363163323937303639
66396361343461663133356435396366393466353538393963393833326239306237646139303565
62353562326334343838666332343632343932356437346463356561323436373434336263633238
31363935306261616131653739303565346364343662313765633964343166316433313438336266
36303264386132346265363864646236653235636265353130313135633937343863333864663366
66343634333261383063663937396539613637356437663161323736613738306562643836346438
36366132363638643235373233626230323939353864613637623239643635346630666630363661
37303132616361393866326162316637633330366631613964333262333766313533313737663264
39616332616465663533393365313639653039623461333334616338663337326330626631363932
61613431626661666432313535326433616634303438383265373865396137616237386263363061
64306436383764656439666130383239376435656138636630383532653462623634376239626632
32303234626237383736326136616566663462316161313130643436313330383734626530616162
61643435616265633035303738333439656164383939323332656338323230343764
