$ANSIBLE_VAULT;1.1;AES256
62313431633033333766313663356530643232383665656530376333363134363837626665383164
3631366633656333623833666334643766636538383936390a633264333439363366646265393264
30633436356263353534643331373233353966643162363437623465353233336335633730653634
3263326338376464340a303130623739663936643066386434376233623666353536636137323561
65366534306466303436623231313234666434393362353361353136666232626362626262373032
62643135636137373136636464363364343430343635613461623137633230666366633438643163
32306163376465663031613335353166353833643431636362316532656539653164626230373263
34323864366538646436333530346131646231393331313836343237303263636563326131616165
38333862623939353539333136396232653163346335663831386536396239306366613539396565
33353237613361656438383238616561613861313264623632623832383339333964323465626366
66383233623135393632396431306633346331656634376232353430353337363237346133666161
38666239646262626462346263636430313434316237343765643637343532303865333066376238
62383632333030356539383931666163393865323762303337306431656365383137663937353735
65383237306230343134313538333632643636316664643938653263333863663331633162353738
32636639343733323136653734653463306662343165626364633135653131656363396137393166
36653937636438656335333831646337643461353434396231633139333530663736393231653862
66613434323961643339636136376466306339636365653463653439343832376632373132666631
32383062396532666631306239386239343365383432663134323434353134313534306437633437
34623736316236333339323933356165353166623836303265313338653666303362343034656230
32613865376337303739316432633432653035333965626465383262623262353662623364346562
39386635333336623865393831616661376131313864323538323534306662373537643639393963
62663736663361313865376236316465613261346562646132633261626133376265666239623062
30643634383139623563613666393731336664613933656361663462643832666164663039303832
37313635333239303330383332313032653061363931373036346336306130656461613334303866
38326461643363366533353331396236363662666566303334396161376564393434383337353639
37376337613733346364636537353336383565346165323732386563613132656463356533376334
30326364613837363363623339333138636531383438663632643138663663633061393635633137
63323632313637613865653631353630363633666665656631653562613031653235636232663338
61653335353333386365343038366665663239356532643734663765343135323938613931333536
39303934633034393138376334373634643830666265343936646139336361623661373262616662
34653836313864316635653233313161336533356135323338643366346534396264336137646261
33343964646532386532313730383933303863666264633533623165333431393435616632623637
39363662656266623331613231333930633566366265663338343338393366376637353037633237
61343663646538353864363462616465383930623662323533313330333835303237303134363763
32386533623131616539396538636532396566333032613530663130353638383532613262396532
35353765393936346231636663383364303732373235663938323262663166623235313435643538
30363637323334376238393131346461626333613039316138383636326333643562343038333664
64313261633633333065323730623261396666653237336639626237316337353763646566303063
34346663333034616263363234666263303337393139396461613637333366663930303539373166
37636661303565353865313334616237376264316265393130373563656632333936626563303231
66373435363261623334383537633439373039373930333738316333653136666462653933653539
30653735343061306161626661323363383633383961313938613632336237646433313630613739
39633264316236636233626330323134383763306233316534653665356438616131383034373736
33366638386566306237383535356362623536346334386639643833366234353162353039393730
35363236333930336436376530626166303664353865623866353534323430353765333830373362
38653561663934336363313031616235356234326264656666633930636630653530333137363536
39346235653132353134626161383139346630356533393530613366663566366339333635346138
35326131373436356439663934333437656138313336653065633766326165666166303263306138
62323430303737666632346464343038393566353635303666393061653835363731323961643531
34363635656461393663366263336661376466316261376539633830386563363631643363373634
31646231366334356337656132623039353135386364393666636239336463333265363439343461
64623364326463613632353935636338646539313337383337363437643566373630623633346365
66646366386166613364343937653630616336636434383161623964613131646632356537323736
31363935643937356466653131633036623132623164616437623236323563353265663030393732
32306163323131333630643965623330633838366161316664653831393337333062343736633463
63366338616331386234393261346263636130646533386433376331346366633234383135376663
32346665336261646563346535626635303235383166356566313738653066316136313232623866
39326538356537393337373335626361343566323131373462333632666632306364373065646261
38663235363865663831633034653137633832656432613030373434663839376466666139333531
32333530626434626631316131323437663362383930643535666438373762353130343136316236
38636339616265643938393839363330363364376635643165636130636633393237383135633865
38663230326261396533376565666362313463656339393237383533356331303136316635643739
32383062613635303233376263663266356337653131363366666163346332373733386433393764
61626565396633376166373334623538663037643834333933663130663331653762306364623861
37323138306533633837613262313330333864636333366230376363306662626666646266623163
39616536393034383434306461623961333230666562626361353464313134663137323330383839
64376237363461363635313535333261626539323930633463633233653334346462363831663138
62366638363530353431663431363663343361633336343936363332643261383562326562326662
66303838613634643530383464373066323237313766643331353865356430633465333234646333
33343865343239333533303433333564396434383662373265396331626462326333376264326232
61353736313530613164613163636334373965303866346465383334613838333139646334353163
34363463633332396336386334383963653862623861303636373933366133643361333061626433
36323831616564356335303939393233303539643861353835633738343038623761633136376139
32366161323033643532313362376236303633613666333139643738633863663734386366666438
35313566653931323265383363333264353161373439343066393738393435313166313339626163
39663661626464653538376238343331333661646231656265343435663138383733656632313235
32386638656266616565336166643136653133613033653836633835363137313634393035613338
36613964636231323733353662303762313237626634363365353834393334353764376631633339
39313461383233376534316361373533393964376162393537626265653034376136396563616633
62656636353237633032383730656531343261646339396666383830303861653539333034373139
63336534396531343062343135636331646365393730306663323833663066393562623130396531
66353166363938623861363032643039613633363633396339356436636266643439663537636635
64336332313333663939373037633931643661363865303961326564363932623237316435646536
35306435303063643937623062383734326461623430386431323535333733633736656563653838
61663130376330353834623532333934343337336465396632653263383733633330306636376538
64363939656466616165643030396336366130346337613733643362363336616634393036363064
31623864636463623530313338636236626166396238633437653430386161613234363063303336
34346131356265663665616638323234643430333239613935343564353936396663343462326333
63393035636231646364393161343464633532393234363336333834646330393766346439323036
31366330313564643230356264343533663631346537343466323362396336616463383632646265
33643134313132306131623139383866393931626435306534343536383563616238376363633062
63313938653765333234346437646566373664653336646639343363363564383038346634626132
35663962326335373937333137323132363434386135376363353963366465303636303464623733
65643436623561336430343434663162653062633061396434313033663035616633363732343563
36303339653966646162653437316164386435333835373564373539343631616133393530646536
62633733393166393733393235643261323631313332356537623261623163383665383433353539
65353037646337356330313633643664323764323839343866656530323965373561396330336232
33333764306132346666316563623234313234623438356465613265363666636366383964666236
64376433396333613961633765386137373439346635653766353763383937333965343562656532
31363337373737316334396536343634353162663965373437363836623636393432613165346161
35316164366165666664613736333237363966393834346338333034666532616461626234653861
36636162343530373964346136653238366235376638393966323739616530653465663962386530
31373362373565313362653035373963623034626539393366643230343438373566373233343565
31396164666133383234396265303730373064383137656464626633646664366537663935633632
65333335313139373234663161356439376332353337393939653664316235313339383132376533
35323834326434393665303133383866663237316130316166323062643239353934373432346536
63663331346331643462663233323034613834346363396137393265663863396533313739646562
30303636656632643563356131626530393236666664376331633065666361353137353234396362
61313566643530643138303761363537346337326365383734656466393534343639356137653461
66623765363465316339653432333936663733383163373135626133323638643337623335383233
66313932396236383337633062663265623838633336613163353931366461326436333163643231
34663866353464633534333934616237356665623430353366363135353861353561366566346166
39333763656666646636633864613832303531663633313865353866373562636437663765363166
66333538373534383632623931336264396236623730346464303961313064356262313036376561
66316534323966353033393837666632303862303630303732653036653038636462613362373734
62613465363830383336646264616364316435323561633531363238353636393232643131356161
62393564326335643761346338376463383331346238653232666436633038663363653335346163
33346165346232643439313835313332306539663334626565626262396339316431303038393330
61306335393131353161663038373962663963626333383562373562386439643562633435646264
64383562343139623566366131666162313035396138306536333036643732663731363736306139
31643234636263376261383130356532366265353962373837333337396261366638373536356333
35356162646261666636643839313431343964376261366436383237663533623838643032343830
38343865316231353561656535643365326464646638323638303731313264623064376530613139
62303531343135313833656363363137356335343938623130633633653561336566383865343330
63623062623139623266386165363861633130333733643739326234636231333861376338663661
30323033333961326433353633353734393038313939383763383638353030623165646539343336
61373433343664393364646166343630323533633137653865393436633532346566666538636638
62343731373037616437616236363931343466373761303362306635333766336665316436386330
64633461316638623038316139643433656366643933633437386430333136623663616561396363
30643531636361396231363565306332313637303763356434313031663962376465333537383564
38663033383135326632653237643535373739383530386362373935376639313363363865343165
39653863336265333433333639613866353662633931356635363039613563396161623734383730
61656162393461633236356332313031613639356164393636363664373639356536303964373331
3166383165643432316665633430333039383634663765306462
