$ANSIBLE_VAULT;1.1;AES256
63303436353631633830346235333037643365343766323166643336656234316339396139373464
3861613234333433613565383565323530633564633934340a633932323565653862396430616333
37383531363261646632346432643564393731653137383363353736363366633030333434646232
3963313465353730650a643231666361383839396332393736356262306231613061636661653230
38386666643463353234326530306263666634393932353839633830643532393832376661636234
33333537333036616439373335313766613230633861303831326632373132336231336439383839
32386165313433643065656336336564306466373266636366633065636664646636353037653737
39373264313465643936626364623337613235313266636633323464343461363564636337373765
65323339316332373764346539303263356466623665363436336335666434346535636135666334
32623734393364616332646361383534363538366233663033373933303434326661393133396264
65346534653564623432636637393362343736336139323663303063646536636663393733623239
33336135666631353731643635653264373066346630393962306138313635663561636462656633
61666637663761363638653033353465313436666364333730393439353636613463386565363832
39613936393639303862613232366437643035363930643266633830643661363538653061623462
66616138373966323539323337633232316439626365613764343564616233356365306637643138
66343666356464313738633831346130353964633536333166386263346461366330636130383363
31333537633032336236646632616431313532393639356261303536636261346338303636393639
66613462653435396561306264663239353739316634633965383362653334353030616663383337
30653432636430633433313832316466383636363432333436636638306263373066383937383762
39656462303533326564313638633165653031383665356538366461663731326662656338343063
65623761303339303737316465333964656632346237383839653063623066333436653366383139
33323839336163303032653230313536353163346537313931663934623265323231303466623235
30663235636161623634343938643935396363366537613464613164316365646238363336363934
33626337396337336339343938323733323965343637633866633238613062393732663239616131
6536
