$ANSIBLE_VAULT;1.1;AES256
32666664623365333632336130373738396530323565636563363038366463326462383566393361
3332373030353063626138336162343463346533343063650a323633653734313163353366373135
63343235353235333263363838306266633161626636663833613037353835353063643537363566
3434316462623763660a393634333430383734333033393835343734616331633130303763383065
30623033623162366265363362653933323633653936636331623832666138626434373339353165
34386231313531636664643962666466333430666162663535643864623738613331343735613236
39383963616230373062303833613234613364396361313133303561393630313161386235303439
39616234356365623430643631303335353263363264656461313465633764643931623961663134
31333632623831623166356665396137613430636663353063623161323533663936306539366662
34653963663164646430316134313032613035326636346162346630363233636235633237326639
61663239356166376634386437653935633835306530653863636262656336373264343464353539
31636163313163613531346665623965663866306533666363363261636235333561663735333431
37656436376531373030376636346532626266633532396132623737323032356435353331373664
31306366366433313065346163666631613166323233663335643533646238363364346338633662
62343132306362633266613232316339363762333163356465356431383638303662626564303861
35313462626533306135336630333033653132653665613437323862663433326665316439613762
34353636383566633666316135613664373363363961613563653566633533633264356465356535
36316461353939383339636137633731626666356631313864376133383839653264326337343332
31303763656334376636616432616364353538356466616235373738333331376234643232343962
32633330303265383334396532323534383635303630346131383535666666623530336563356635
61636439323664633163393664393630363931376233396134356535613163393139366339373336
31353332363463643133663436356135363838386135336536643932656466383566363762333932
36653765653639303034613265636534353737613338616331653537623836353863376232633136
66636235633061363235386263363364326238303031393361386437626263363130626235376336
31326364643831353335646366343030656431383235623235326636353436646132643130626265
38633933313339646265306466623438633939626539613632656635376562373334396363313863
35623135363364646332663230363438343531306538323862386462643564383564656362373333
38316463363834623839663764623162643832323734376364636161623337356331623064366631
36393764303238613130336331363562363536633538613238323733623334623037306237396632
38386637633835353235333731383166303561663839393162636538646433323137613838363065
37616162646337626161333336326561653739663936366230343661323661366561373039646366
33373033376236373164363730386562396666636331313737646563626530323035313764366466
35393032373836626539363132366461353731353439303963353139326437626162333437366638
63656565646164623333366630663034623162316566623238366233353932663631326135653932
64376432363166616637633931616164663139333161656664333634343439316438616666303234
65623535366361346634613564366133383734653236313166666232653763353562396539356436
38363862653363343366623365636532643461633464653233643034313736643164373962623833
32386466363265343932626637356161356561653361346532386337346262386531323135373761
39303935323338626135393430613938613935326337303038343265383934333334363333623431
33633038323337323061373731373961386234396166326637333665353734643232656537643937
63303966653161336437343331363262666362383565636537626362376264363361646262646361
61616666356130353330333637626431313463613632623933386535356339323662663930616661
61346138626633326163346233336661326264633365666431366539373266393064333633346261
63343839633764323963376436313331653231653261633532656262653862393233396234376130
63303132656233383333623961633565376563643133653266353333363034386433343464383333
30383333346231383638313964326130646138386639373463396465346537353636386431633063
33646539303838353533323831623531656430613539643635623662303337353536616361316231
35356230313163353531323234643462666365363430653139646262383065333665626235393335
65363031303735353864656362623738353634353836626436373730626265346537643739623635
39363038346562633635373834396462653363633535343162306262376537643033313862303165
66643766303863303963356463366339383934663532306666303736633538393631313763633764
62353665363965313963363534623236666235613238386661346161646134613636383736323263
30333563646338316438303234313061376434356136336238376263353533336661663232363831
36386166643538346331623064376466356333303966656161336139316236643261626262306231
35303363316332643264376134373862346638643939303137623365633332306330363234353363
30343135373934393632636533646539653432393833326538643139303466666634663831643734
64633033623737633532323733373166623861653534303130643031346463363465656233666336
32366536336633616530353363373663633239663139346662613031613636383139393465303433
35653132306636396365613537313831343330356230646164343362373265396431643232323732
64313866393064386236323463373666353161383966363666646539656236323433353666326261
34383530363963363130326630393961333261663061663434386134323637646532366536303061
65356130373333663962393330383564613038373535656631663866623039633134386136626466
38613833353433333731646632373233323563623733636539376464613739396134613465656438
65333566363332653233613131613834643565613366653638376564656239373932663238393337
37653361306630306162663966353930623962663662383364333439393033393362313462613438
65356139323338396135653838323235336566323766613434346432633465636330333161643134
32316530346564326532396662343438353661393362656164666233663666326162653361383838
34623464316539663234393663623834613162316432643034353765396130346632333137386437
31613436613762303038326434356366303530623433663630356363386164663830656666623633
30623662313339626236333935376238663532353163663764353737616335643731643335386165
34306130353139366635346166653739316365323531316333393465336634656534636636373837
34656566373865386434373739383665613834373834333462633530376565616132666131656562
62383662306336623032336136643864363337353530613035663366396363663634653231383264
32343034313432386138336163653661326237346131363931383538646264343562363332353765
35363138316133343761613437366337303739326437373163353931386638313265393162366134
64346633376566626532613866303461343234383934663131623934326534326235373163353562
37333234333263313565386433623265336166653463616331623138323831663162356561333530
31653832663432353730653963383266393332353561323961633338306635653663383665646232
66373738623265303130376530376437663733633532653531643736396666306134393936386166
30393036363633666538326639633466393365646363363536333537373532646635616130623436
63383536633033343930646433376335323537313830306264363332373630613238353838346164
34383963616633303030656539323436663031626131623664616333626634643831386331383436
61336137343366626236393133656561393963323431303732356565373839333938306231663564
33393339633366353235356636316339353761663534613730393238643336653063386634323534
61313762316437303033616630353338343431383566386362343433626238356234313761353739
66396265623033393536633766633138363664333036383464623865623536376465663163663161
66353265643962646435616431383736303666313835646536383238386530386335616136643839
38363163353962626362363637333966336330333263626563353739376565316235366137353631
38666332353139626437343735303839666532376465363566613638343666353037383236656337
31353161663161386636373437383866316239333137323461623662356563363865333961346235
61306439333436663465306235303531363861346433643038306162396635303539666335663336
37326431366439363665393364336537383662616535613766356535643631653862353664373836
63626161646339333962613665636139643365343230306135306634643239366462383164316366
39393430353637643333316332663339303566363464303165353239626264353466383435376235
32643863386230633364306630373632666132393639623735306462613833313063333761623236
33303661333234343564633039343438616466386339346263386538316339656563653134633137
37666230366664343566333938666631363835373965313062303262613938666164653836306266
34663736616633376537313763383933366434396161356136633434366635306434633965323763
34623462376238346634333636313232643838366264646165346336656539323639386162373834
62646163356532326535646130396338643334343836383133653931333765303333396665356333
63343166623761373235313761303963383133336631653065316537653065613562333463373466
65613338393861386632333133613639616436393639363831396264363963363937666234396533
33366264393939303861386162613561343265663266356435366462346262383466663462303761
37643332313534663732656664393865653261386537326166353264366239313164653534653734
65393735643061633432383935633335333930346531646433396634303830316166616130643531
30383636393931353935616435616239326531616462393332646264366164626435623531633436
37356131633836613933343964393865306539313562306563303561616131333731636565616135
35326165356262316335613835336534373865393530363661363736326639383134623836303466
61366234316465656434393930316236663463393035623766643062633137643464393366653734
37633138643865636133373164333535333462343934363065306637383832353763393931646334
39643630373335613138396437623162653437356531643234653730323965326461346264353831
64333138636336356661336638333663666264313264663232653037653137666664393566653830
61643665623666333564656430656539383634303134346638643637663831303061326662393635
39316339666665346538616664653766333661346233323732663866356332656464353661373730
35316166383233303064353363613764663630646264333731316232383962376431633561376666
33663261633631363132386337666235366265396634626162663265636666643330616632306362
64646133353065363365623061626163616265623038663266616362643866636164353935353432
61313461656666626539666230313230626237313133663433633565363939653264666637326630
30663835633934633632663363393932356532353437653738643264393037323430323133303831
34623238396631663138383462333263623239653239643531323431303832646665643438646535
33656638633361316561643737343839623638366338313663396465646561356662646265353532
35323336623433646664616232353236643933663938643366396134303832373266303531646531
39626338363061356233333637613937313633336335373934613033626539646163656266393063
36613562393162313438376465356431376230346363636139343337396637383263353637303531
34393330636533656339353439386366613136363833373236323937373937363433343831393664
39376130363866356462393762643031393134333164303361636235323264633438396661303033
37633762373233393037613961356263643866353564303136343462633735396239656132373632
32363530633932616363373063666138663837623235313131373832393938393464366662653566
37323738343033616362623337373831316139666466643731663833373538323433373137663264
35393465356637346163626639396337343961353431643666636537366535306136653633383562
31363639636638353830666532323930663834633835353139633663323230383539326634346638
38313266386462633238393736393463363362313666663537623864623165643962633061363637
64313633363566643432383935666661663835616662323161663364306566653139366430353965
32346462633636663565623233366339353862326263613433303436376332373365336134613465
37363439323432313265303138626636636634353164646530343561333365333935383136386335
33346537376561383833666335646337333265643633666461333636316531393262346366323431
30663539373934346363366232373839643536653732336239643538363063346230326264653761
33626561633230613565656162393363663434646264363265636134626565356364383462306230
65366163663231346238326630383934343332373964313236653237383561303637656637343731
37303838613365386232316233363536366231633166636639336663363266353365616338383439
31363832633630663465373662373434383535653536346532623164646663633932623033386163
64653761666432343534626462643733626634303336396365333366386665666662376138633432
34613931316361373039316133306364616233613334356332323630346362623939386432646438
64383731663633333762336631313033616339646638633762656137646432326463613033653932
63616637373365653436396262623232376439623235663836333034373736656432346565326463
63613363333434313765616462323661346630396664313164313266623863623238353030626538
34666536636632336264363338323434386133303933636166363431663134373863663636316535
61396665376261646166633136316361363432343965306361646366656331666464643431326332
36376430373637656262393164363963663165613434613135343761326439306632656531323233
37323231656639303538326663663030636233376337643230636439636661636238636665333130
38663935663834363765303732663934343433383436613133336263303633616232663561343734
62326538646136386431653461323639633630663834643432383830373165656231386362343238
36303565623064613631316334333039626636616431613537353361656266386134316566363937
38393661343435383061626265356561623863626238353234393666306564666235363264313761
63613231313462613165336365343333313536306464356537616430363238653636393531353763
37323362656531313936646562376539323138623264333938306136356665656266383266323632
63653232613663393465626266383532333037336132366161386432353238656635333134633365
66366264363061316166303265363866653261363439383565623430393131646362303731663733
64313237353130346665373332623766393663336137336665623235653862343139343563373765
38626238323231653962643232363331623433323534623536666338383566616435316439623365
64393536393062353133383163653730333033353762336265626537336132343033393139393038
34393632353661303864356639306434626663623734343961333133613332353931643633623137
35613631613232623964396562663036363139616132663864313163383337393563663763663632
31316538383132643138663635346137366130663236613335313564613763343234323431353431
65363131373731656363353064636233656535653661653963653063626330323839356436313664
34306337663937363132663265383862666538333233656632306637623436653530386362353962
63346333636230666337373638306661643233313839636665383637663434383337313866383131
32393139383962323132353738623332313336326631376530333030623135373564323133663731
66383561333264613032623333316464316532633530346261356165316561376335366137323166
32633837623838396638313266636265633238353265306131636131356338653466626664626130
30356136626430393161343431343363653765313732313033343430663131633432663338313338
34616165646264653563346336343061366264663530373463663133393465356663393839646164
36393433366637666535613035393133613662313866356466613236363633643666336434663333
66383137613033376566663332303662353031663031376162363330666236663338323335306165
36643138653538656333643732353462643931323566386562333163346261666165343939356266
37646334306138373964316434326336336235373065313463316266393530666266666361393332
62336564613065363634656134356139393931653062366366653633366130663139363766373639
37323038623731653832303531383461636465646538636565623632653932376539613134316530
63653935646339303230613233386539376563336434396663313539316435343963363935386262
35643362636162306536326133393630316562336136356464386530636532386336623664663733
36326465633864306338386539616636643532363564343635636334666565383964383636376232
63653033613338646539613836663430646135323561373334303432313263326664623833323537
32336263353166643064366233393664383235653530373638623264643736303661633239666338
30666639313962643334393633333530613230373930303961386338306532613864663130393639
39396163663561353766646263663461663636396232396566623464383531626138623863396665
62343235366439636334333630363539313837326261306133323632346662356235666535333061
34653865633833656332336332663563316633346134373661353962363161333535666231623635
30323562636563643663656337316563356239333066363837353361336363613239323131643839
66376235616438343132623834343536363964636264643538333432393062396262356561343935
64343431613733653133346132613932656238666438333664356364363831343833616366303066
30623864626633346538306533386464656662393662343639663134656239346239643963346563
64313062323233303731636134383132633031313737373261373363663738363034646230663135
66393661323739333863343535326530613030346138373763386335303738316231353430313262
32343431653461356434663539313262393863303165306439656639366364366232613838656565
62306263653833656539643732383164386635643761336632666461653666306563386232316664
35363831653062643436623835366430383235363762353737303738633234663938396231343966
64306266666561356562333639373332343862643735633362346132343832613336366237306536
36663064353733663063326431363234633539323065313236363465666238383664363131303037
33386233306334623237363630323036313632636336623231396538613933636562363939333830
30613635303762356362626264656365323430313436393561356536643431386461626636353038
65623065396135313131346233616238313337383238356339303538643661353361323634326334
35616332393366326530323032396461363862366263396663386536663563356564333738326263
39373038313036353639663933303861396130346238666234633735393138396366363239303336
65316236666365333736633062353661333364613231643531643734623364666638346662363765
36323634303161633864333634633436336463316261323236353638303664353234663132316333
65373936336263663232636335386361636666656335316334383962663831303037353531323335
39393633383138623234326666366165366439306634613832646365653337396161636534306261
37336264633032386138646533373364363563643439643337656466353033383739633838643662
39626431386133333964396234373734366565623061356662616538663438336536396336386361
39356462396437376433626230356431303339333566396463313237643338653563633031303665
61636535363432623865653064636431373034626138346165343734343731363735383237643162
65303734616564386232373934323935303237663637343534613632396163653435373934386333
37373432356436623862383966623030633161663838636533353661656136343137663239306565
35623431646163663061346134623838306365643935643539336532333530333638323838333765
34353063613861386433393131653865313336346132363337613733366630633231383961633534
39646330303436396539666362666637643437636461396630373139343835376330636534303233
36393331643739313664386333353165393634623731653131393935343466623735306537663335
33653336393131616533343239376432333934313933656664616331646233386537623634313531
61363962613833393934623035323964383038353663333462336638653064656535663239616339
36336438336439373437383931303865653038613831353433643866366632333439376264373234
33653732343361313539623433323832376163616264326636636436656164396633613961373839
61316666323435653030663036643463613238333931306464326334323839313630336237333464
31316430303033363462376338663934353130653636303263353334383161303435633764376130
39356433636139383366383434336262316366353032346431306562643261623065616366373139
62653662383465323630336232353933363166613238333563346132653862333037656633363565
31653033336531366662313165653566323962633966383938313234326364613366306662336162
39643336613439343037373631386265666435303833613733396238666531643361316237383562
38613936366334346336373863346436396239306339343861323134363637653333363331643437
36636265636637356231363934343835643664633232353935633530396533386434646638616164
30366632363736646361616361396139373531633762313535346530626266346534383734393666
62616665313561326230653837393866663839666339626235623931633261656131373464636661
36643834663338313238623736383533326639303530396663363535363135663632376433366264
63633964653265353732353631326537316364303739363631343462313730366433643231616265
39336463333862326532393938613662343632653862333931316438333261356331313131616264
64306339383339633435346430336531623338653238306665353932633333633934356532366631
63353865616131306166353933613435373937333334306537643464373531653131613037336362
32376366313366333162323130633437356362386361356231323431626435313733653934373436
39383236316335386665373834383735353432656664656265613036313966393161383363313132
34613535396366343833333366303235313139633432316535636535633236643631613862616334
34363437343032313631346539333064383532323932373135643332653537636335393438366133
33646162353437343732313766393036336439356264393534383539313766383737616232643661
63646239306536623039303933306634653730336639376334393233653636666264353832663537
39323263346166663432653137303835626565356330623432366334313030613238333737656331
33313737653864643037383633663134356637363239343131303366316365363539613732643237
61333136616665343737653337303566303863613938343135626566346331373631613639646266
36333263613031633233636264376566666536616362346238353861653731633262623336643163
34396634363161363437396362356535336361303764366366356333343566623866376534643238
39613766346665633139626335626166666634353463303634376165333835353939396361316162
36643566346664643230306134373334656436616132313632363033323738633336386566653330
30383734393835313237643238363561306265333765333530346266343233376333633132363835
34643238653939386431646666333765313463623636376134343264663939313530396265366439
31346462643739386262353864613131386566633061383937353963313266656336613934326664
61373963363266643035653032653535623839616132306361653065613461373663613232323564
64663030626664343534373637306238333863326362343366306463303033363931313563623565
66616133626233656362323534643634376435663039646637343862633333316539353638346664
38613663613237353331636165346365386433353365383238383264313536316434373762396565
66383238313562333036633030343734623962353436323937393936643730386231663565306135
34303964333062613366343665376438353861326161346231316133383232626233333433346264
62636232363430393038306130653836303138353865306534643233646364636638623731623438
39306561663639333265336130363133396134373439343638663834643731666462613164343436
62353331316138643932376237313031623261326333383032313432653636633333343062346232
61663132663439343730313562356535313265353539333034323333313632303938653536396436
37636436313738363631373935633935643361336232356530383332323865306233306262303533
39373139616334343762303962336664303965343565386436386364393036306534383133356536
62616265376561333330636432386362616361376664353063363337303765366539306262653234
38616265316263663739316162373764336539346463303665623864346531663564333265653537
30656366353238363136393562613262323536336638373436323435393139363764656565633038
64646135363062663131303964383437373434316565393933316562373130663539356464656162
32613565373233333839343565363435303237663638663065613931656432376330343232333066
39336535316561343130663962376163393735336465656666373332656138313966313264303531
31333061376161353038323837323862326236353339636366653033303263326264303963616330
64313637663661616634306237333466353864386533666530303634353732643562353130333463
38396336303265653861656265376434643630653065333639326239313438373264323662646533
34383535326438386439613339393332656163633161333933653235393734646536363362353237
31353033643730656534393235346565363361396561323963633437656164326231386534306464
32356136663134353932373830363732333461613138323531643562646532383861316364323336
61663766366161623763373636366234383166303932366630333962343036656231393866653936
62363863333461623738393331396665336633353337616263386564636331613463643635663065
35353136633063613730333565363039333132333337336163633739623061313039653238366534
63646237336332303135306535383133383433643239653436313661666538306231666531383430
33303462363735373063653532666466336536346161313336333362393164303734393564363133
38313136383739353730633832666266363739383133353930366634353763623966643935326633
66386234353338316233323030656563613931613331353261303837343737656530353338663562
38653065353930653836326439383738343461646661303436326561653664336431636630333933
37343062633265303165303464336132623232353134363930383765363739396164646131323131
37383666646563396338323361373662323733623131303836623935316639316264386562353634
33613939653436616662353962333863383765353235623533323961386639653037326634326539
66366336656537383830656239363462666166363836303631323230366635666562326463356234
61643564316636393637316539656261616464326139646438396462643761333931323639393935
61366361306432353663353034353439386539656231633165623263663430663065363266393136
34336433616662323933666236393836366334363637376233666163343738363034656630383064
64623034386330353333333737643739353066626563623233373536396663626532636437343136
64323438343263363763613739326639376632633335646361633136393430316164626236663930
63323966613236373136346236316562353431666531616238636264623861306133343338323134
63613133656537363339346333326231616464613466623938306463353335623033613664386133
30356366306334363764333565363063313036643936333062363032333430363035393363663336
38393937633464303038383165383534346631653161643636313536373563616131646661346364
61386363323034663332663261336436613931353730623938663330653733383263613966323661
61376562663439653237663864613665636265653963656437303861363838333161396332333633
39333138386364313962323162656561393830623839303533366230306663643433646661663934
36613532663037383063613436383136373463303835333938343833313563636565333165383637
65613932393966393863636531306663313063636532336563623738633761653831356266313238
37326366303830316334613934626334363963326666663063623937303063653864623461653663
33653861633531636366323230396334383265356439646461373937653235383037376539343761
38326363333534313738343536653136363461356166323735646161666564346261653238333236
65633661313137303132353166343665636130383839313839383136646438376131623836316666
61613264306536373830343765373565666536323734643238653134393062666535353761313031
64343765363666303761376635633733656433373033613864303937656439323432656234646162
32333962663263366333363338393966633961386433653462623137366564313963616234376233
32653334623436636265353135313831613665303834356239326566646135386234653338313537
65326535376330623161396166636237653064313964663766383266623366363365343637343262
31653066393362353362373532373933326339303135663365366138633861623530353237613863
39306264613464616632626133323634633435356563366162613739663836633231376431373139
37623030623934336538616137313431633261356264303463373037386537366332646634323836
30613031653964653563336636343333393737323733336537643336616536393861376534613264
62303430353730643633643935303938633439393361373332366664633862316138383831313263
30353830313133643636633163303465333763346530376334653833383934663837643064343564
35616336646232366130656263666663643630376233303938616332363730396136336664353335
65393435666461376666396237623666343037353161393838623738343735343563313731643265
38666633633564366663666464303761373037643238383331623964663830303634633462303562
66616662643361363366646330653736343164313363323662333730336639343034336537633037
65336137343766383633663937373936346638383563396332383734623634636366383534326639
39376539353534646337356138346133616333666166343039303061393333396561613834323865
62343565363461613438356236623061623465633764646535366239343766333962383136663339
36646331353034656136343035393264313961663864396363663765626563663963346661663862
39363139646465363639336563623935616133306161343762626135353866323838353265373464
33373861323266393463396535386333653330313531383132333839613732323832306432323532
62333133643266333761333734353231346263653866656635623831363665353938633739306161
64313834666331633733643361346136636562323363623266393065313330656437353835616364
63363363366539646562336634383061626337383836663566633135303866316435636466663139
63343331383633356361316134333132633634636639633964386631646631383733363433326433
61663534326635373365383964633834616638353964613432616530323863383930313930313737
64333533396265356437333737386466333562336363633337366332616638376235623464373137
63633962336361633432383035373235393438363866393230316236653637646633363431623963
38383563383932663462636536333631613066653661633961623130633635303437653161373362
31323063623731373033343730616163636635613534393038396263623765656365303565386562
64343530323537383463653161323036376238663461393334313039323362366131363130346537
39393862353230323137653065323131356566393865303734323438313862336635343163366330
66333033666463356234383663613963343132616137643966366135653966376662333666646630
30316664326163303737346461323364663632336630306237626334306432616363353162623663
37333665333966653365353466663564653461666163623935353063373236346330393665393837
61326265333337386362353933326138666237373962336632393935313736663733363331623332
35326565303063393062646237393639323133346265353530386166613130323130336630366637
39643565656433336465306436376662373137366364613933343130303336653031353934643034
31356263626230333238393933633862393339636165333738343063636332623661346436366535
39626562363637346437306433613037663564623361393962393930383732373165633561313731
34643461303133653534376436333435343165363835336636663837613761316138363639326236
36343762353435306233613338663065393736333436633366376133393135653662353638623835
33643266663961616163383735326464323137373433623961633962653464393661373937383164
33313835333164363562343263616133383539626130346464666663313831353234313032326532
36393266396235393765666565623038633935663562663661623638666539656330386134626561
34666363363066633036333330303632336162313331643431663831666432366262346263393764
36643132336339376635303961323030343938333337623031613432643136336162663336636535
66393031323332663837613039313738353539653636376161316163383966356330636164316636
66363436666136326365633739653731326137616230623135646163363739356661616438373433
33646434303938356332343730633431343434346266613638376466626261613533383033653238
31616238343266363861653236313961393231643635656633346436663935336333353037376566
66353965363965343536656532323530336637663534636435326535393037623939646638326362
66623936636262663963316437313734333064343936646339343135643163646362383762373937
32326638656431643438323937653738313566386163336536356138343464373837363761396664
62383631313064656634376635643538393565316461356233313036316236633866363365643131
61366438383630336536626635633261663865643937303965303330346530326133383930653965
34363635323665616365306434313833363139313663366665373438656366646264386662316631
37386435613739333964336564623630623234353230366134633738396233383631373966316238
37666336356234633537316662396338613937393235643561633831316265663062343733373431
62313964393832303632306166373564393331343333356162313734333431353262616261656435
35336462346264613939376630623534663432316433396334653365383133353231356138613134
34346532393663653936326166653638663538363866356439323736393064353466363530353833
37366165353730393162636436383162373361363233343437616432633034346263366162656132
64393530663032623736623962643234333836386434306436353164303336356164306535333534
64316634376466653633366435663664353036376337316236313936646664653062373163646233
65376232316334663138336133313530326663373564386438626264353231366232383630626335
38636334643937346265633338666438316135623131333962663437623462383431643461336334
36366266633432636538666366323363666232613561333630653263343466613664303634373630
35643735333265643161643536343135633364666133313837303837383436306332626633313465
66336261343863393162303465626638346238343036343630336438383131303431633161306164
63663765623663666330663934393336386236366332616464613535363362646132623066303132
31653965366561383631313166346130323265636563306133303438396533353333363534313736
31356238333632316131363237356664376539366239323435626163636538323837656537306163
63623734383964643631623962643135623432363266393238393232623031343462633337626334
39323536633664343666373131366161656632656262656539383233333038646435666332613237
62346634626331346633653439326138666236393533373830383031376534333731393730633331
38646261653233356530356163313536646639396163333164353035633136383932393062313831
37356131353166373635333334353364333061343535633231393631326433653963346431653131
65636262316236333965613339653730393661396432313131613765613161336136323538393738
37353231356333663230323934663062643031373962613833323839666165303364346435383132
65383233653266643531653165663130343932616537353534653131396531323131333864353332
66633136356665336139343962656232393334643134666339626135613130363237313362636637
64313134376362336563366630343634616138353963383862303362313065343830363332353030
39353962383635306230623933316236306537306264306661636564373032656338373631356663
33393132386334343335373366383432383135663066313039333332663336306462383334626633
37373633396332626131376164633931376136303364376334666538393762313432333135336665
33323131383834313831626465373664343366343437626161656333393739313434313766313139
37353766343439663231303631363363393337613035303337386636343435313938316662323365
64643438323462323135643564653836653634326261613338396664393133376262373763393962
38303637663536643939383037646337656364633465663634393738393965343461363039633237
32326637313437623264323532633466653366333835383465376166366663363861333032633935
30656632326534396435346634636566633131396564386561326238336631643239383237383433
65363436343837303938303264616532623530616465623864343763336136633431343063643266
36613438343565666235643034306331333264356362636531623233326562646135343535356632
34306632303032616366323136346364623765333564333365633737346330663864616363326635
30663665383563643935646230383664373839663232663838316137353137646335356333336634
65323764656236383736366132306264383430386539643038646130633135626336303761343137
62363862356132356434623062396166386432306262383336353336326637316137323161326466
33653730626332623363346437626238353966393437376162336432616236353763663437306333
64613935356363306263663366656337623531656135666666613064303934303535303035643635
39326335333631623536623638643763303263666331646361613135613032636331336164643562
32663864376434633234643938383263633861383263613764643232346265613535393531333031
33333030333038336361386539333561396466343336656664383737306531333161666636653161
6662323936653832316634316238646561306566666663643164
