$ANSIBLE_VAULT;1.1;AES256
62613838663665303466363239386137306633643162623132363038666435656631613130306633
6363323062613463653431383936613661306238623637370a643437646163616663346464366261
30343734306162356534326264656136303464363431313439656233386337343961333464336238
3932336634626563320a333762643431666233303961643834363265336438633935633162343662
35383630333465313530313732626635646165643633383262616333333066666263613961333035
63626434373462343765626430326339666532643937623237336137313365613531656635353635
31373436356562343833303562343531393735306433333832323165383038616461633438656334
31363430313437663039363864653566343237626235383263373265356235303235323438336139
63633763306233613766333434613533636662306463613737666635373831316131656633303065
63633634333765333038313964633963393639333763616530316133316461623632303564326565
30356337303264373462363865383463643466633033336463313834303838303365643262333235
66376531653062623464383363373238393338623361643164346534616464343966616139626630
31376536623434306230393536643536323333333234343639326664626539353261656338356131
32346531396533393563626335383461303863346339633539316230386633396434336338343739
37363361363463663762333639313331623439326266633565396262626361313962306436393738
38356232636538633364373037613630373861393336356337343964306162623037623236373236
61303563636237343332323532323065663862333332376436373734663963333864303363333133
36303539326563353431363032653930346265333065613634343863323639636530316365613339
65643935633265653830613737306266616566366639353730656431323166343864366633636135
64376638353964643463393036306563663465613835396332363034656663313561643463633737
31366463633836616439653664313939643639383136333066303333663230336337663062363838
64343238633637373436643430633839396562373365636539376466633864376465653064626265
65623866393638396565646465643236653862363561663266343365343530313935306238663533
62383234373532333430653664333234396635393030376265646466616135306330343764643232
61333933643731656464663036343636346235653134333735303265663738663664306163653538
38616463313638393063356132396162366165346330643361346463306664386531343736316463
65373165306636643838303462323833356130343834656361643230656339623437333865333761
35623832383830393839313938643465656136306534653665353739613438346430336334396633
30386338666265663533653562626236316466633661393663356235626539353631636439643136
66306265326163313831383131653064393362623134653238313631653132343464306163306334
61626161653936393065333164303133383230343239613236336465303361303737303932396139
39313262636565326135326666326664363766323162626334616161646363663334323162316436
37656236646531393163656134653235663862383464346166333733313437373534353063356434
33326363666261393235376462653333323132653632303136306639653733616635323764333262
62383737376666313630613963373738656138343937656431366339343533343432316264626535
39653931353437386536646636306165613837333162303163333236313365616632346134383035
34613863356561373936653930313230323233313533666232306438383762366632653963313335
38373234343133303936623537633862646263356438663731393335363664303036633531333235
37636634633863623039666538376165643163373235313930636562316262636234653564336164
34363937643661623865636263303565626566386431323639313636353431363836666337326232
34343033623437393530636433386138393864666164376465313062663739616363
