$ANSIBLE_VAULT;1.1;AES256
61386630633039333866393035353232383132663233396635666365646565396633636561386231
3366613831383035326265663366633134383333376630610a323966333832653664653638633265
64623335396164313563363536343362313834336334663562663865366361313230303966626534
3438633662313062640a346665633436666538373764396234353931646438633064356337323333
31373633636535346330623630663666383538613866643638313061626566393863613666306635
34636465313332643134643137346139386532313166323130326362653130656665353266366534
63383938336364323665326135383264346331393533346439316263333562393938653933326335
65663561303932306637336332393934353131303765333333653165346239613637323166373335
64353362626136323631393936323234646664666536633262646566633261313962333331383261
39363837353363633231386562373562303061666135343563626637313835646535376134343964
63303464633763353037393332356135633536313165343733633964666239633562313565353563
34393964363136653761303931313931373665306361656538383565353262393633613564373266
30383737356630653136636463653530366466333862366362383363653463643832366132656563
37353431343366383637333564303634363265663862336532363339323333336235653664303463
30376230386166643835383366636266633032383264623163653032616666393432376365373664
30333936633739616464323665323762643066313736633265343439303636373965303835613737
33393631373264313836356135613333653734333236613637313235626433313536376234343432
38353135626362343263626361613532396364333634626663616561653164313662303263326663
64383830316632623833383764316235636436373332383932666531383662653364613266396562
31396464343838323730323062303634316538336339373465633538393635386532383937653661
65333434373064396330373138356635316161323763376439623535323433376539373330306634
33666566393536666636376263313161383736306463343531356266663065623835366434333939
38636530336165313139313231343064393337656135366239616338333231326339643034626263
61373933366561653337626532333831656439333233353234356565613530333732633161356535
6532
