$ANSIBLE_VAULT;1.1;AES256
63633032396135316530623533613736666365353934323963656563336330646464363463316136
6339623839353764343137613263326461303133393630320a326333356264306432326164356234
36653631663234313964373839626161633063383432663737333734343762343764383639336333
3162303739633135310a656638376330306262663134623233646166313564396164633032343036
32326436333436626434346266656561313264343039363363646466353161353639303039333237
65333063336336393061636331663435666135643739653533386563663665636365393336346436
32376561646261633461626135666438373832633136656337373833313232646630666139653263
32343838633063316636383762396531316235636434333935373263383736343035323938353837
64616537643936333963656339626631636132386534376632373761663234323535353537616132
39643963333861396433376439636133616365653635333937666261393239666164613835386332
34356338303031316665353461663965393737306238343437303038623964616337616264623533
37386532636439386564366333376238663264333933386234363065346262353631346435396530
64383638663363663934333931323135396163663138316566343936316665633432373161633563
66626432613165643738343066363363343535353036666565363361656265656663653964323433
61366333653534326531353130343534363862646132393834336137396132376233363865316639
31356238396136616666623533626535643033303331653064346664666661653962656230393232
65353463653938616139343030313333663432396635613464333732616631373361663162316634
38323166323434643830653935343662356666333964316463396361343333353764326136626265
37316461633166666336643763653838393063333263633138313336356661363238376535613165
61616436333665666230663031376366626337396565303036656661656135326262386135376562
34636131626666313166656432353466306137636266376437633437386237643237623136356165
32326364633361323531393463626337653831343637396639633739326362313436653530643564
65613565306637333165623130316533333933353136373564376132613661373864346631346539
61343063623930393333626361313363376633613536316338626361383164333932353164633531
37656238383832336664313535323465353031633232356634333239646265623133613038653636
61646532323636643534323632376439316436313931636335313132373463373363306239313262
32666433636564346631653130613339613366656537313338643638323139656331666563613233
62393131613634306332343434666239323764383764386365616533333530343761646633353936
39643934383039313061383264356534633831316565326238633138613137363934313637393962
64386130313532316130356538303031633335346264653035383266396465653034396261303833
38333036653439616366646161346239653764356165353335363439323430303933383937303661
34313539633236646130656638383963393333646438353836303730366561343336343835353632
61626537363266353739363039613162393035613735643334613132363063626431396134613732
34353066346330663462376361396332353933326332323833323736336261366563356135326130
62353138393962623138303733613131396265383831353361333864333961343561323839333133
64643961383965613135643539396561326433303732343237613265643038323139333239396136
34373338303335643062633165343430376431663065396430636437636131363232393064363538
39643764393361373562313938373036313863363266613261656136336561306235343936306466
37663064643661373238666462373031643838653762343663323231383735386230383336636439
38656230663536646131613637653038393530393964363834363635363963343364303636356563
32393139306533663933303230663831366331623838666239343062343732653166373031343166
63346639306635333261633531656138636162653131343734616364636235333963633436613862
37633964353866396531643833333965616461363930626633653563346239323531376562346633
32623233303332333134613562656234363336386533356533363463613537653666646132656638
62373935383539613337356231643765343932303132323138333061393530363162323939326238
38336639313466616138353062336161623035366266346261613165383838366665363834333938
35373762666665383038663034326638343534353464653431656161366138333464363061373634
62393638336538313264333336653138316263313465663666396565616332646339333038393161
66646430656536323731383435393464383963333634633934386138363134616366393631306236
30366536313737393263663366363736656534643564326362393135333066323830346664633838
61366463343330316162353965383433346165633430626262396239336638373736393330383863
38396465343438393763663662313066616535366232373034663263613261633966613565663436
63393863343731386637666431363239666537373566333761343336326364383436316131336637
38646538313935313536373539663330326137373665366561376537303866343563306466653931
33653330666164323561303432623361656237383161393438323030653465653761353166633931
33383239373762383064316333656239313039626665363135306432326161383763313865633239
61346638386165393234376138333362636430333931626438343334633633636564373466323936
64333036333062666461666332353565333863623663356234353932323134393466356530366263
62353963393733316262633132333339303837363335386361383064643630626233386336653839
64373930643063343738613230616436393536626162343139613564323439393532616235383730
39343761303061306664613634316234366431346634303831623964666465306461333430643864
66306462366665323366623665383263326130346234623439333064326464656437326366646532
66613431343864646266643164396631386335613962653463643632613765613665663837636335
65373434363563616564343063306539356631633764353538343262633339323131643462613231
64623530356337386536363831323263626239316431653261613331383063386536383165376663
66343536653263626164303162323663633037306631313730653762383064303532656465653336
36326637343130333462393036316164373464653633616266303438613833393434303332616430
61356130393030323262393636353235666136626635386230363231653364643938666166636462
64373338323734343265373366616663346337323831373337646434323663303463353862656561
30643766336161346666396430373935356331333432343964643461646562303735393638616438
30363962643134656134653031613261646266363436376536636161386561396432373635643738
35623665623932623936343537356232376438386435383636356264636265373236346139333136
61656162643835383331643631386438663031346663613839363136643261313937636365303736
65653235646466303330393734613634353363656130353134396130376234666537383037653237
39333536306437653666633632636130396337366165666365663831343634373734323039316666
66346663653065373933653439356531366566306463326166376436353139626463363932363737
38353165346238333834316236323465633137366539343563336433623733366163353666626639
61373735663737326261376263313633363065393237633730633638643061653161613839393332
65333465383766643539366662396532613462626365643330343433303735393738376633623263
64393666303332306337663236623032663832316534633635383336343031376331373037393865
36353535383534363739656362316134376666386637336234363162633339303737343862343164
37643930656636373365396231316366393138363338323866383132643962363831333738326236
65653033363461363634373461323264343264356436353061336339333533356563336331356162
37343935633331633162323536653666633737393664346463626230383034343665313934646633
32663161306336393064626434613830633066623631646465353232316530663737313430636463
37376166636436313630393231393339623633316436663833356463636539663835663132366262
39346536343737323035373136356336383266623962663135633661363730326363313732653435
64653337383939333439656461616365316338313062643038353331613931383939343939386633
64303935666561636362363834363766393736613831323066303531313931363565316136363936
64626564383131303635373339633862363462353362633365626331306664343036663331353830
38393237616261316161653061336334303464343037656338623362363935643437653562643339
37333533333563383536343463646338386664653731303233363937346563643562306664653462
33333533316361306236316461633535656230346266643338313166306332353561313334636261
65376161666534373661646139316330646566303236353161366539363436383336346135613938
63343733613365366163353736626635333036303361626265376535383265386636373766613239
38333033396662393161323665653565343664643932633366613762346436633431613664323932
63363464383633353363633933373133353262666362326438306331613231376430393130393534
62643838623437356336616634353636336332643739643930343565366262616461373036633533
30383162373332363564333235633736336666643937313735356563653330636333333732663138
35633637373261623961306366633431323836316232303832626538643766633364333165633962
34333132623633316136393535626463636366333862323866393661366236656163333939626135
39343635346666336237333638653539353564323035303038653230303863393239393130333838
65656362653466653731373738313037313664643631386131633431633634646335666330663465
38643961373036373365656364613132383466376634323436333633333439353038353631346532
33626531336139343330366330373063356133323564643163656633626166386136656134353638
37396637383836393664656661653936313539353435663333383433666363383735393136376361
31323065353466316535306366303233363566333536613235353163343832323833363462326537
37396266373436393664336335326236616663623035653737333361373939313165316336376636
38343037653538346136636361396232613732376362396537306563353364303533316334343463
31313733666566653738346363633531373663353264656465386632343132363530653763393531
39376135383463303236353235326430316231613536646135306339646263393839656636373161
65386437376439653538366436616265313131663337646562366530323263393833643030326130
34643835323239326332623966326164316563386638643032383165623632333861343635616264
62396164353034613166653332333462623238643865393566613562326531336365663833326333
34326331383666313062633935353036643235653264643639666232636537303431366435343234
32643933633937363437643334316637343433646661663738346461373163363665633636373163
32623433323033373639303332323936373239366562366632303565303338616464326533383430
66363532626139326365383535636238343961373638323934343861366361326465636335333237
64633732353534326664343339626264633337366362613639306633316437393264323838346230
33316563336138303766646634613937653933626134306630626131393762356361383964316135
33623765336531313535383231666436363338326338333430383535383330653931373461333264
64623837343136393465333539353161646361343661343032336164303165303032653732613163
30333633396139666536333866396366396231616563396131346134666162633031343962383135
65663137366632323563656266616165333433643835326530346461353063656363343137333633
38343265666134316332636238313636613465326265373936666232393562636135323031373639
65393461353839396661326566336234666561363362623361623763356566353337633138313538
32303762623136613835626262643662356464613238646332306131613863303633386330343663
62356339666635386163643665643365666136343733356362343636323634636131303131313536
63653432643736396133313366646463303964643535366437323961626366343937313433393934
61653534316265616563343930316661386630393135663438346538346461633963363263633265
35353332303733346361376566333266643463343931646530626363643664343236363166396333
38396337616437636130653166363464373630303564303263336264366230666132373134356333
31626664373539633837613361383233626638663736636162383534346461633064386664396463
38376339383838633865366438653335313136343063653033646438363462636639376437346431
33656436363930313133336235393837633634373638333264343630633838396365323265376263
63346239316634306235663761316166653230383366333439316133396131326532313166393665
33636363333536623633393631336439653937613831373938336662656664363366633037326335
33633939356662356230346464333932373734396663393236613064313462663862643837346265
30623739363234303365666630383739366130346264376336303265393230623035623361663138
39313134363735656532643133656561653865613339303664356630633431633637396139663464
33346135633361306436353965303739373830636166623739316334313932353132643436616561
38336164613263666532346232396134326234636165366130643236363265346136336163366331
38646635396561646237313633323239356234373764643134643136346162356131303165636133
36396437643237303833396664636537313038343939373164333430363563333338366534336430
31376264333264653866343138663237623963333962646631376232386266363863313235343537
36356130643961366131376665383730306136366633363261333132616233633364643965616565
33336464336533656439346335646138616266653662323863643535323364303231343237313135
63316664663966356334306462346235653765633165326662353062623066366333386164636135
34383361336365656636393330396132313664656564313035643534353965346438303336613665
63353031656562306561376463343763623765373433383865653062656535646135363338366138
64343031336437373763316336393534363161663063623037623633613730613863306438666265
61666534613436356637646364653730306463306561316261633063383862316463343735326464
63303333386639646363653933323438376464366266323038396263356438643437633235353330
38376138323735643633376230633134623662313864656661643061623964323336666363313861
61613461376536646565636466353338323865313538626332356136316463623938393064383039
34656139306564653561363564353861376165376636663332613964343136626434353966316433
61383038636531666138396133613139326435346437343936363762313531303931383162353663
33343034363032656466633835363339343563373437353239646263663962616536376534633530
38373437356666333561316661656664613330613563393831383463613833343334333465633234
37396431396631383963323737633930303265303037306138353563663534643736653965343862
63643436343730623836353336626630353265653762323934333037616539313431613065396530
65373966636530376434323137316163623063323431646265353164313939633630353732373566
39363232343936616266326233326638663037383537383630626661353865656364376461383266
35356562366533383539616665616631653666336330306231343539653035356236326530633130
31666538646139623466613465386533343733646339663463653436646433386635616236326333
34623434303263623932646231633435356661376664366231613236343130343066346536643230
31316638306263353636396164626462373633613762396631346361656462346330393766373363
35393435346562356361386461333261633434613662376430333636333763616330336563383261
64656664616332363864326666313933366264666663343463636137386263393632373731643832
66653765393830653136666561313034386465366238313362396166616239333338366630353932
30643332386532646533653136383864366335386338366238363832313563646532643865316665
31313134393638613936306663646235386365633338343237623534353862306536323662633238
6666
