$ANSIBLE_VAULT;1.1;AES256
34343836633833613965633530303266306337623062333265303566613061613963313638346438
3334616331643064373536353562333061323335303262640a376366363734666133353566666665
65373135343939616331396337633161623034356661653332653864376661653961623033323238
6639326635386433650a326365343038326662356236653537313634376633313366613239336436
35613430623166613466653565393762646238343464386133663233616639383366363131336232
37336336653564616130376539303362613863386138653730656133336663623566366636313935
37386238316434643831336230346130303464366563623535356365626230653062306432373830
30363966353565343961393531613163643338626537663963336633373866396236616132343062
64626631353638373731643063313565663763316663303363623936613333366466633733393761
39356335653637313065663332666666646230323666386130653133326166313361343863316365
38663066353839643137313738313733333464613564623931643733303465343536303165623738
39306665633035336265623464343636316538613930383335643366303632653238366264653834
37646139646338363964366362633364383434393865613065653430613237353137613638626465
63323866393366633836376230646230316465356633393633326539623233383837626534343361
34316162396132323663393462303163383034323537613066313236666330653663313163656233
64636237353861633832616665303131303362323630323362326634363964613365646665356633
66306133316362346236343939636637386432333534376434356635326533656463363964346163
31626363313239333262656161616233666133363730373664336331363037626363393734366532
32383965333537393965303634643531383635313932316465353461316338316165373262613439
35643561636535633766303865643565313632363833616432346364656263396233373035636630
36663131656264656434346236623661313161343535653562396437343061303262633931366636
39623563343437653339393031343730626565656565333261633238363362346161656333386537
63653965306539363761346336633038646232386430646462346464396532396331393339396335
31333933656261653262623162666231353963356530666533666535393762353930613330653137
62366233393966313138613562326365616163633665633261393436323766346139636564643861
62303763633330333730356239393235653331656237376239353266636464636232373839393364
61646565366531633430666138376266326163616664646437313863633434336332393137623463
63343035326133666165653839353264393361623939356661326434323239303165613665306139
65343464666238386634393462663833333662393833656263353132633966666338373161393031
61386235313234613231613130363963393130316436356639613034666532636434343235396436
66373731633665383130323066653063336231656261313335383139663566306465613837663937
31316636383530663464313036353033383136366334303161653236666361656138353537333734
66333734336264656637356438316438326465343030353565323937393030613362336536643966
30623762623163656565383262326332303366666261656636626361336666306636306265366563
63626365343931343633353230306231356561303362356530353330646636363864313634653839
63616532623934366363666639643235386164386438306134323332326338393436343734616635
31316135616432656664643365613430363232663866386262633865313564373739666530656138
35303862666537646563373438346635646436633264386230303238353966623637393734626538
62623430386565626464653265396161356433623337313737393531363264663861383235613662
34383233366636663138666535626535663363323463346632373562616561343065386666363938
30346262633531396561633066616362333130626463666264323630373161646130363463363530
32396363623837313333613566653465393633613237373765653739656335393365636666363266
66666532643162316436626461313139666130633562393161636435363330303863656239346133
33356633333664343538653331333462323536356164333937663764376165636231383738616662
64333130303637636364653761366661383236326365633832313030386363646333326630336333
39353662613430323838313136363939333761623934306238613930333365386164353763356438
63346537656139356138626533623935326461393764653735303730346135646635373662663664
31616235396532316636323235383164646338653636633665373036383233363266623239303433
39623265373464336532336566376362306238613737303739363864333332643236333238613166
33663932393865633635643364383765343536306531663531633230393136313136323264343935
37666433343135366266643064396363653039613965303862633263623234323939373666306630
30313765363463356336336237333839323737303162646666616436666334356566653161326162
38376433346238653031636661613438393334626131343634643031333766323531306237643238
64636639316435336538346539656630633036393334633361313336613831336131626230633835
64636139373239333433346633343736386232333864633562306431393761363639653331643065
31326432393337326535646337306663393236636332326333363866383062346261633566323634
30653338306162663866303431366462623230313634656338363831623633333330336564366337
65633164373832663935646332303339333637386331343165663163633637633736313264323139
66356238383962613035646465366634636637653465313631663138326165393632323862383538
34383162366430386566326666353335653035653664383933366363346237333433623562663266
38393462333866376238646163343633343731633264316566363764383863303138313134313762
63363432393935323464373432663236343962666366323032626465663839343131386432383865
39376462613432613465353863633539386666386538316361343437393864353362396466623561
64316166316438613838323061633035326664626362613863656665303463373164623338376138
31323964333334396265626135313831366431633161383561346130393663373631623566343133
38383961623938313139616661663538353133323937306235643761613064343135313335376337
63333938333534313736346666643532373564623232653732656138316433383632653634653964
64623162643762313837373663643532396633386537383066366639643539326636363130653939
37343962393265323035353564313763323366353839643863333534393065313037623438366631
38356534386464636535323633353832613138306537663230643765393365343166653063306433
30646466383166663730336438396439376361633537636531336138343335313764653463663535
30336162666630636138613164643162316138653631623666633433626435323639633063393666
36666439313964313263626533383562333062643639363763396563353966363834393336336235
32356339616534666632323437346632386336353937653465633438316239366637613435316561
39356237643330393863336361353237343765363166326634666631656633316236616663393262
65393830363666643463613433643236346535353962613835663531663365663039393033616336
66613032373663323339656666326663363134313262623636303538363933636338373261353163
36326262656330396166333164303865303866653265383564613961323261376431383565376365
63663661353533346365343963656366623533653664393764303534316463626662636463666137
38336163636464643631386336363765646631393536663336383535356337333837336439326136
63376162313533623333393730666665313061643462316431313730386233616535326237633263
37656133633535626335356233663437356664363533303630356462646562323166366234376666
63393032666337396661663763333862383936613136386666386338393362653339393534636530
63386537633966323739316438343131336363633432633965616363353137613065303831363732
36313063363864306135636339653730386365643438383462663830633537623665646231613263
36643231643837663937613336303562666165313836333566326533663336306565333936343431
64636539326564396531663338343338336536346366373031633865383162333565383463383537
61383032306461353463336263633430613038336434616161343634363939353765353037366237
66623534636166633035623561396236633439316538326438323130623264646432383830313538
33353733626564313063363737383261623635373164356531646262623836623364343664643131
63643165633832636264656533653562633563313633313262643064376431303365323730336535
33376631326433353231663338643437343764613232343265306434663334353162383765393639
37393634373766636131366333643232666634613964623463633531356366373234323231373135
62633262663230393931363038636465633833393030326434646238356632396135393935356362
39643837653432616437343536363339366361346139393432336230336662333739386139393933
66326336373832343731353266333837303862313838326238663262323461383564373266643264
35363831313535616238373733613365323236333934343066343737323239346338643134633936
63656361306561643139306533646366626530623662376462666233323763366230356466363034
64356563336330633064343666316335353830303434316436346366386532656137303566616639
32373463366162653263643537373963316236623263613535353434396363376534666632366633
66336434353163363966313935336635393539623766386131633031383431336135333633643864
34353663353466626131613734623437346261336331386463666238393539636561393935353065
32396236376632643131396461333866656533643464653462353935393133343666646664393031
37376334666333383466643939313834636562633133613764313236636131306432323337663535
66356333633038666138336135373032663931326465616233663865373665356265383661303436
34613964323631623337643933343033346633313662333739313230636139333237613236356336
62616534393336396634373833396231383463353532303830323332353366653532306630623831
61376233333566316538323361393439373437343237366564353436623464313363313938623363
61346132626264326635393033613236653730396466356462303866303964646265306634656434
62373132346261346632383635383466396463383261623833616230356166336465613161623037
33363264343538386335656330363764656133613566376133386463346532636637646463643262
34356431346665353666393134616531366536343435353965613535646465376138326132633764
64643935316431333231663762623237613963303634376533613936353238616562636137383466
35663031383763383937333234393862393632386333643630353861323961373361376165663765
39613463643837666362613937643430373530353137306232656132666137626165373733666265
33383139326639633732313666633763613339313131326561653265656537626461316364303462
32613663393330346432636531366565616661393031643237393138336532643935336362663934
64633661616464383135643538346664653964316431326362396662346536646137656465383430
35646432636239393535356231613863656335376435396535353838643765313034303131343139
31663931393239343062333961623436633464636431613561363266303937653064623435373038
36323232663936383030633934653764363638373230636135383837383033396531626230313264
64373739366632633531333162343936396631313935316262396231633536636530363535393436
38626137303233303135326163353533373538373761633132656335353863626561363335663064
36396538303333363534623264303139623566643562663031373965356565393434653265643061
38613533653333653261663165393238393165636336323835616162346436393162333030303833
64363263336562353738633835636539613733353036323563353937373135396235666161363732
32323962656133663532323237386165316633653962343965393464613237313533643464333730
32633739616537623037336631646661666338613664373635346137333162653465633430616538
38343363363331393636656238346462663934393737613738373232366235323365663438333862
65336664363031373864323339613539336365663339346438353132343061363332306566616263
66383161336562653234353330653338333339326231383264613234356566303138376564613631
34363166653064346566663134373134376534383364383066383064376562653865623962353564
37326538356263366562636237653733653061623765616337656366386164356230313538353934
38313430643639323362373339366233633536656461393531383166633833386135373865313636
62343666363839613736373933646233633030303136306639303332393031356330616364623438
66303538663061386539653338383238633234333134643364373639326432663239356563646630
37656634653362633261666361393766363038633732313235343964666135396461656632653831
36323732313434656164376166383239356165323764376130393937663137346139396138653130
37643966373231633736633463346134633738363764336432636634333439663263626137653439
61623339343633323634386234363461616664346332383638323361623239613561656631333634
36333862313461343735356339313066653133383564613834386166323039656534313066613535
35666263396163386230633738313765353437353034613435383430393430373062316334316562
61323830633665343863353832613232646439623539626466316536316466333164326530636661
65323765643535613931653064343835363231353866316632656132386136313563656566326333
30633364613363303232313439656237353936393066366130306563633966663962623537616462
37633765323733383365633665626166313039316637343131376338616433383933643835663963
31323134666365356633643862323233663366396236623661656238333164376538626663386335
33383337343334306435663633366130333833323434383934363033333664373833323335373232
34613265376561656132343338336161343830353663663561383632366433323366653161626235
32303939663564366262613933303334656538366130356531313838356565373335343331363766
30376638303731306361363832656133623534343362633538653565383635376232373466336338
61323134376466643436393637633965323363336264393135356333646630623761366138636361
30666463363166336530333662346331323636363738376537303265366539653135343731343431
31366532653139663831336361356535626531323565386366396665646366616262643531653530
32346334303366623730343763346137363339653935353736316635343334313565623039356230
32636234613466636637663139633762303934653932363936613065373462663661366163383661
63633561316133646131646538623864636366386664376634646430333334313461633636616561
39643064383839616139623564383833656236616439633862653962623439306233616635346532
37336535656432363562333065343338313262353233303931643537633139333564313936363338
33653331373739396534303461396262616136326463393766613930656361353433326533613436
39376639353764353566663535303865646632646162323563346138386133346562633639323165
31343136313735356134393737623730343862393136323539323064373366316136356461336636
30623366313965646130333438356231363363363035616466303034306331326634363736616461
33646666643235383966356131343964646239636431323564373565613734663861646561393863
65396233383230353862626634613563613932646135623562366234333263666437643833643866
66666530353832633935323262623532323465303863303163326265626263616563333263366130
31386138313630613537663662646434613830653066636661643433336630316432336639323663
62336138306432623038613062653164626461363735376132383562633461323463393539666466
32323164303632326531643761346239306336363566613766336130623832636636643736343966
38663939363838316363633530343264313466623164393561663363616265616434303861623134
33333539393430353966646439346136353839323266316437643362383664353033343836633133
32316439313438656363313134383964333931393034633235656635663032323130346532356433
6366
