$ANSIBLE_VAULT;1.1;AES256
62373137336262313836626362306133633334383365356432323361386664383739656166396631
3030343661616632396133303462663439666234656330640a316362623363326264653437316138
31373137633863663536316461376366323066303964653932363864633736653530643038383635
3963353161356264630a613861626263626237343231376563396163616438386332346138393935
64396332623931613934306238653932306237613463343963383061363438663539643036636364
33653161613432643463633263313130326133306430336338306531323162613633336262326162
38663061316230663133336366363566643739633432326262356431633736623434373038666561
38353338383334356537373934623834376530386134613738316139613937333463623565353366
34363337346132336638623966313739663464393534343132353435616537663561346462333034
39343064633636363630336533323034393466646534383539633835653839656534393035663538
64393936396538636332383532316636376536343532393334613037353065663639623862343036
66633230346163323363323931666338656561646435646632613861363361376134323035336139
36353566353635353234323564353932386539316438306233343336303964613534306338303434
39656565386337643136346337643738643465323865303030316565633635323966393139386132
34646638373263353735626434356565646630633434326434623535653037306462346330313330
66336539306338643062346533663337306432333934363437383766623630303830626433613361
64613934653764366466353937326231656234666563323730663763396236343864396663376137
31353738613166373661626236333535353866363930356533376362386563636664386663393533
62666332653536623863623863373736356137623234356638336661633865613936626638363266
38343537303066613638633034666536393531343930363964653761656636333838313162386432
32653435666431613432623436616631383363663666363430366434356638303963636632653136
31383762626264386434373836666666393330333539323132303665613331353166343364363137
37646130386161666462383664613930346434636139346661396437653234343034633735383539
32663335616538353762353032633365653562663033383035633566306639623166336433353932
38306261363162333565643630333538646438316438623734366364633637656439616532333238
3461373466343736333964653936343263346239303566643535
