$ANSIBLE_VAULT;1.1;AES256
37383936306165643130313834663263626132653735353134356361383566343933316561636565
3432306134323430663738386137363931613230383661380a366563626234306233363433383039
36393135646664613130323263353332393263393138633064626535663630666361303865663530
3133316536326561620a343934643632663961656561613866363161363466316531323933653336
32336231656136636534656532616231393833633739656661646137376132623231353038363331
33373439323564363563303963343839663636326331663264386137373537313331613765346339
32643662636531653137343264333838376432383233633863363136623538376665613565626338
64376563303662393338363237343065386662633237616664626531643033353937373830613638
33663134653165323361303262656337333064333033356133343763646638653035363439386264
34313531626361396265653034623231306335666562653936613930303861343237323332303566
33316132623134383138373438643465613731346566616362303866623731323062643832633734
30633133643536643065363337353466373937366362623962346233383830616632623863306131
38643364626539386131343931313231363033343137393963303062373236663963363034363532
66346439366464383730333232653462356434663761616165353335666130396563373865373365
36663366313064366331656336373832393966633135313862656663353033663832343437313165
65353966393465366538396562393731366462313732343161356531613861306262393635303331
39666236636238636261336534626234386639663862333261383539616631343339333535343236
39366266363736326362333138333164663030653262323766343236386432373731376266333966
39656363343862363665303966623432623831396336613839306162643736623662373031393635
64633935373637643439653762623534643662613830643134643566343230313735383938616161
37633666656363666638656532336464353537396138333765306632653466366366663336326437
31633232343938386130663039366562636633383231326432393263303861383730643033323237
63373061316165373064336664666463363535323365386236393539313861356266363632306666
33336166356339316430636439643632336531353435623037396132393530313364653166353136
65323966343535663033616664616431306432393637323263376533643638323735613437386236
34336364633236666234623835333036623830326363613034353635306332386631633665643539
39333535383261633762316562336631363435313732643761336263666139313236373934633830
35396265653063656464363832356464343862626361326232353566636361663939323538383430
35366535316236623064306633396333666631303763386131333565306333323431346337613565
63626234376334373138306537336331353532393864313737316562343336303865383132653236
32323063316665366334633366313066663364666135366434366165353664333337633138663265
30633336633631663065623933363761333262346138616166333039383337626132303432633065
30646433633837353763383064323230373563353266633630303733353630393762306431643637
31656338613532356430666138373933623233386333363034663732313138393837336565383262
39323362363066363733346261383466643438343434353938663639316536343564333935393761
62623331323439363466336337623865313861333261323165653366613934666565366233626662
35343566303264323936623463333761633434373663383666333565633634383137383738353561
34366365636561616636613835363961663633363766393835636335623365626563376462616230
64653231366133633537373336363262653934393362663230633234663766373130353936666563
35656466663635376536616361313362363330626634346364363537333538663463613039303432
30353933363735373033333566396462363961623965663463366430303635623063343862613562
65393031383733313666646639353438393630343665373035393461653532366563643335623634
39323461646537653565656238303931643864653033636161353131613633313935373634646639
64626133313531343064643937333134346366663136396466386139663838303438376331323836
36386237666631656534303136646666366263653632616362373762623231383837613233656439
33663466313566316564316132393764363130356563333531353236316238316536653835373862
31343164663462646134623030666561343464656132363936353961333232343866323034616466
62616236306232333232646339353062393131396235643837346361366231343666303336653762
30663833643838356264393066373138386236636536396466316134333637623063396334313538
63656263373136343636346231313934313265616332636237313465656663323839643033656634
38396363306335613264653563653039663261343338643531363766663262306336663761653636
64663635666332663236373734393038656663386633376539343765633566616266376133616535
37373364366531373233363466643761393430366561353135353736306237396238613338386235
30326631613361306366393238356636303832373331633232316165393636373430626664646362
36356661373961653463346238383137373364373231346635346665616364656261386439383434
39343061363561623663396561313962666462323137383562363335366637303834303266373431
37653031656332656435646138326261366437613763376363623762646263373638303238386433
61623163373730626663656465653237386639646434323739323438393064333831396137323936
33393332396161663566633162343562663464613638333735343265313164343162353239323739
30326465396437633834613466613962356336636461643732663763626133323062396433626363
35303337633238346337623939306336383561653035663662393934353132633039303837346263
62636364393435323430336632373461663637613664363931356437376437376264336463633866
61663665343939613934353830343665316661343237376437343463633430366536643433313663
30393761373439313437343865353563613137363736383836643730633432623935663334323666
66313438376633343533373536666565333734353735666164613964633762303238333665313364
62333030653038633366656434633235663963356466363235633033386633303961336334623138
34626661643135326336396333313332316533616163663431363931316633666439323266373033
63356462303633333662656634336630633362386630306538323663633365316131356638366234
35643733303838386664313934323365366330663230343135303337353132353838396235333466
36386137656536393232313735393563613332646166386231343638616639303961386366643837
63383332393930336365633536653366636334623037663261643736346562626538366361323838
65353935323364366136343232393034333838306463343331363962333732323562633933343933
35633966346437393539613733653132366538666662663835303538303364333461643030346432
62393339613665363463363930653266333730656534303230383066633234373366363535623133
35363032623763653161353238656331616433336534383463613366376261656635356236383965
63383438386265613039343338613439396463313763356363386461663862656164633564363138
37643530393764363937303731643264316334313839346262623630393731663466323262656133
32666462663732373365316264633338343764386364346564323238336531633664613938633338
30373561666666636138353635316363636337636532396566336166626230653134333766616665
61303966636131656531343937376663316234323133306131616664373536323862633264316262
30643331383332613061633164613063306235646430633031623366646338643566303235366265
65643032333432383431393932333834323663643930636236656532383434363731366335376135
37323962383833313364326333356435666531333064323165643932396537363263643633616231
66633339666135343035653338373238663863336466303331363865666137363539386362396630
62663937653638653632653037333032316132626166623837306635363631396437376439386536
35336133653966363137373237373031383237633830323764373738623131613336326139643331
37333334383964643866346337626135373132333637643137323436626236633134313465333261
38303638306236653934316462656239316266316566393166393765366138373233616638633364
37373165383832343139313965353262656565326134643633363464626664333366373132383363
63393833353366346565643338656339373334363763366264623030353335663236383535613139
35343361353162613763316431313963306466356461306164303330636334653462313438313738
33663133326630356266353636666433656536303533663136346661343332313839383830376534
32323761343932336536643137623462303861393764616364343666616165346235636664636533
64393763353031346434373839383038356465353434386638666464613064323365396237303264
61333534636662613131393762666334626536653134373763383666333736366632353964663937
39303134313165663365353734336536343435323034623065326661303333333164623234613665
37643039383166393161356637666236323138366334656666643034633365623830356261653730
33363834616462356165323535653363336636306166633462363136663561393831656365326261
30393838643566326332303231653065383364326662666534616433623935363639653261376265
34383438646262376538373132623663376563373532366336386663653130643233323534666663
63613335623634373265623664396262343135313463393032653763393433333835656237623565
65356339383065353633636238393131663365616134333263656362373638336232336461616435
66353336333230386566306239326338613866363734363164313364326537373731386335653330
39636331666239643262633663373566383061313265363761353832363532623737613030396130
32666536663862393263326337636561396463636536323735653263633965353136336365343435
30663732323934346366663764666531643938666239313537333936333061336366636463323230
35393132386434376632666461356564363261303339386630623038643462363163666266663233
62393762653464666464396264626432613632633834316439643963376666363932373234396361
66333362366264323934376230666239616166626630653539656564356632363931356139623866
32666131343638353966653838626239323237336636326634353462356137353038626665303735
34363263346233303564633039653463303931656531346537653431613963623138623463666134
37316365353438376236626532616664666333633461313232633866333563306439353361663365
37653866343366653737353533393761376539646333646166393634373561643362343265646237
61653133303938626662333961323262623734386563393432363836623632633138633761343965
39353437373436646538663135663032633065613532326132656438616563343231616335363264
33343564653837656264636134316161316439623665326634336239306662663562343863663463
36383236323937373366363662663930323735366366653232626436643930613064613636383736
36636562303862623035383732383739323633653531363335303361353639616233306538643865
64303938636463366233333333663033356139356662343865386539616131613333643662363933
64613138326537643566336362366263633761366462393938656664646662363261386461663231
66646463363936626431356434663032393664653334306139346233313431636231633363666465
66313538313330623330396235653836363265373136616434363364333632646262613033626662
65666436663261383839353766613461333037643337313739353233326336663032373661346266
30346264316161633135633831653538646532613363646164623036313430323564663038326465
36623737623064333439393835336335336530343363306439376438373962666165643865363266
62316530356134383539396664346366376337323837613033646466326366323963346661633761
37303662323231383563613664656363313632353465373931363466613261616365363938306338
61343230636665383365663362616631333366363966393364346133393464373938623831666432
64366564616630393661666165346630336166626331636562313562373138373235663632646664
39303533633563383833343735393438376539313863623137646334343162373939393661653031
63353034313035656430303433383738303633613061333535643836353732396435613733396665
66313035373361636531613030353663656433633131633666643931386162393564656239313562
32373362343463643231363632666232643366663334633538613031646263383431643862653662
66313835393462663430613465396536623732636634396231386230333937363161653836643138
62346632323737623832376366626439333665613065356163343735346332393265656662633132
32656564313138363438346135393330633764373735353865653232643934363839616164373232
65633364346330663139323734323566623366336334663663626332383061346434393934393330
65626434353462623435663230643666623235346532656338666362353034303038333039383036
32653036666235623838373436373531646666633239653734383535376330323031633463396536
32356464646532383338343465303732343166623038653534613165353865333434613036646162
65626565663132393637636266646138306137366235323761353962353831363139313631356132
33393535323339323164313432376633656135653431376232356131386335663265343764323236
62633465313236326361386262313966376533613762613630326633386339346231326462613565
31383363626339373262646533383131326266616464646431313565643939373262343630626139
66363634643365656234316363316163633537616265383836613135393135303631653164643762
36336164313031666632356639303365643537343664646165346461313936653862666162393066
35663366633165386635323334633064386463333933366262333134393566663031656165363930
64333331363239613439316234356665613130333532383462653434316236323864323164333961
62636231303336386365653933363439313563333638313566333664303630316335303963323161
65323362333061303864306661373038373338343235646564343062653537396366663337303635
64653837663133346561366634346466353831653839346166393765326433326531383231376661
64643436323837383733313036363664613062326532333931376235663237376565636335336438
37373765303636313337613064323736306631613538643631373630323039653366626166656136
35323538363730643663333034386332353535613766323964663837666136373038653534366665
35393161383661643934656533613265613434633363396239633330356436353330306634323564
61613766313463386461346163636430383062306261643632326664383464653130323639333764
37663832393461366433396562366562313661643939393034346433663966353865653538303236
33393862363830663264663236656434343736316539363137613435333432663936356132323764
37663036373331383431663134653962336131303832383065303332303364306630643330306636
66306661336538326634333464333831386131336538383932313434376137653532316461316635
35313831363536313361356230343766306634636664386661373362613535396530663138653363
61396230323166323731343330646332316364636261353733333139396438323561646663356531
64366131623838346234383664633234626165356639383230366434633433313963356361313865
39356663653463343964663665323339346536303539333133323734313162303734616463313462
32303033386161353934323566353734373139653833616662336463376334353661626330306562
32613333663339306433336334613361666538343962646438356638613461646432306535383633
62323234386234336363396634663739313561393266613361376563336162373264326630313330
34643033386631653234303663653266343533323239393238666266653737396265373830323634
32363934373464626630393863363936343133363633313365396433346538363262376231313933
38613061343965636363366339616663383130633034326131313761373231303132383334633761
33306162316165636132613264353833663663396335356434336561666565386530383136666563
34316534326435313230643937356538353935613131343233353764313230306234643536313431
34353732633465646538313762363937663462353338336331303330663037663365653662303633
6432383337666239333363613431336264646662373834363534
