$ANSIBLE_VAULT;1.1;AES256
38623433326238373231363833343233306366376266333064373533663165653934643038306138
3962663066353063373130373034613139613233613163620a376662306537383962373632656463
31666534316233323466633538313230306133653539326632323165666136373365623239636362
3762356331343961630a323039353966643130323730396530363763663365633231363632393533
38623436316532373163623531316336333765373638333530346564613962633861393330363434
61613132613837356566323639656362343135326564373361346264336236333030303331306461
35333964393731613735643661633337636231636236663265333837666437636238336662636531
38313035326430383165303262613464623937393538333534383738373766363266353633376434
65363433636430653262383730613437633139353066396564333434316438373063666262313831
33376466656531656465643933333135383530623431616231313961663631316364373639663537
66333339623732363437653630623137366338386561623130353732653437666664633838373864
66333034633036303264623031336430326364643866316165353764303033656632663034336137
38336261613764613636323566313334326466666437396566343365646163333163636230643861
37303436313738336565383263373461383833383132333131663036353334333738373662666439
32356234393932666339373333313534613466636338353933313065653364653533313937393131
30376361353739646334643766633365356430366639356565653737646530303933336565643463
38663136383031323763383466333439333431356130333332343661343238626432363065326536
64373631326464333263303162383365663037303663623736383361393863626566373938353632
36366663663461653863316565636162303131626562643666663831626635373635386435346665
34343431663836633733643862393135646266383335373432333563303033313739633961613638
65613365666262363835326561363666643030376231303139633635303731383232346533326135
39656464363931633036613832303237326331386566656237353566666133623966623136656164
36393734653337356530626565336462616465643861356362363761613261393032643765336530
39383964343631663239396662613066643133653466336161663762623232383962373062323739
30373335633837383363643730313866626664643435363439306232316537356633353032356666
31303639643836386164326365343564396531663139366534623838363734303037356464396630
39656533363031356265643831643536633436353163396562376466333336643965396137323962
35643535356564303538623863303339393434386663613034653335313930663036373134663164
65336266653633346231626435333861363837303632333263313435646465336438303532353961
61363333636539396662353936636533303966343430333436346337613638656639656663366563
30633232383030346131336462623237353132363339383962616562363462336330393239326561
32393638613562313135313037663165303364623437383663626137396466316636383439653662
30363030333431323365396531303334633763376237353066373533336662666338393862653565
37656236613331613238643734366235393638376236643961306530396237393631646239656632
33666238653637653739343766373331353665333835393932653333393431636333333463366238
32613330616239386535363462643632393132633836366566303338366364343866666536393964
37336161376164343138613035343432376230313036653134363763643130333931346633623565
33323733396339623835303861616639363930613838376634343634623366393733663463636635
34643335613061373935306264383430323935366332323861303661396133356235323334306166
33653239326362643931386431666133313234323232323530333763633565313737376164643238
30666366356161396666353133353136353830303862623437303335613436353930
