$ANSIBLE_VAULT;1.1;AES256
30646331323663353438316138333462323766326137646532353038333463323534333231376266
3437636432623864656239373130336239306230316338360a633261306531363265363936396666
32626436326663346239623861613831656564303764363462616634363534613336323035303331
3263363133616362370a653234636265643763613466353465623136363736653632656462393232
37656531363937373132626436366265316537366634326562613264613138366365663366653737
64613030336662626638656531383031626463633538333138366438623964386561366335323264
35303734363564323864326363636465303831623333363635383464323064313366646433333632
31336436636131306431363361623037363462636564383335383230343161333262306539353037
39636537306232636433386231663361353762343263623763353466643561373866363937623163
62633436653630343139393031356666313364323165666138393865643336323837633435333632
38306139303462636338306338643664626638333338626635336262366433353961316135353839
66363736643663626662303335616266326662366135393763323933366630323164313862396564
64663536326430636233323836616638633631623965663034353866616334623435316437646161
62663036363337626134663933383765643134383438346237346264653539373135663938326135
35613462376631396462393761646532306161373130353633363337343463313763343537343663
37336561356434353332353264353435333834373934646338356232303437613439613631336465
34363037396538633137353662356534653639666132343938623866373637333132336433666531
62643539383735343331396135333634376266376665313130396332396236353631306337613630
64626139356236356138366464343338376537333835356331343064393638393664326566653438
63623131386632396265633662316433386535623534376430363438633636393334623035616336
39643333643439633439613464613365386465636365663062346130643433356263313262333739
34326363343930316264323232343036666539306166653564316239353866383566323631376666
31663666633337653365633536633734313037306165656236353732666430336561356339663065
32643339326631313934353736303931663461633662323831303261636230343639663434376332
65653136363662333761356431633162306333336464356330346563663730393462376633613661
35633036316435383363653630316432383864613466663837303931626564623332313935636131
63343731646137306333646566313235613433653038653231653838396137663363666230623766
33316230653534366338663265306663626431656632663536353730303735383232653831366330
32393333323634383337623463613338613166366264316130313632383262316635303465646463
32333865303136313734663764616230363339613364356639386234376538333430313162326638
65666265336131633737653666626665663364353234663139323765323563373334633162643965
34353361616532636466646130616438353937316461306266646563623037323734333535343935
36623764353263373262336666323137643637636262313437636537306262623361666537343837
61333861333966666465653235636239376534623035633038303564323030613137663437313535
32303435303434343863356139613239643762363161353531363566326531373762386138613230
32396133373664636137356465663736636435613163623933386134353265623166366338353937
64653436633565373866376531343365303130363738303730643834613130353532386163376439
32363961613836336161313138306564323962653763396262616662616537323937343132333565
33633162666639326664353739663130613238633433326236653039646166396230383936363133
39663035393736313762656464306565376131393162643538326661663163376164326662333832
61633438326335323838643464373564353033386232373064643030646264353263643535316138
38383235646432393735376466663336346664613266323730303532336532613034343164643937
36363762663563376165386331343831396130656530633633303334343939626439623830633733
32653431393664386636336134303033326430353630376637666263303230366134393665373731
38343730323261333031323963666633323661623338393030356364656236343333323864333362
33653630306532623465383835653463636338383734396131353938313366356533633862623434
35343237613034366532643932643464376233313161636666353738343166366431356263336231
30396235626434346261636161326138313137666466373461306331303332666332616563333333
66353133323932626662613533343361346332313939363837636435613732336337376239623565
36383163303334613165616237663036636230613735336130373739653235303037373330613438
62333132363263323464346364616139636538303465313431376263613130666538393766333931
64353538353631393366343966333465613435363665366164396638613036303534646161373265
30656232666166306330663635323533303361326233303637323161353330343261663738383631
34393762313562373534316435656437653736313263383839633831306136326235636231646266
64616639356530366535656133326637636336656365663462666639303161306132383134336564
63343834616138323130386262616365613365353330366563373632323036653338323864623561
30343962353631646334333337373930383131303730306463623433626264333737373634343464
30376564633432326336346464366230333732623066643735346138643737346537306138653364
64313436393365623764623061393939663063623663636434356164373836393334336665336364
34343838366631666265303761326661346363656163313530613232663830343362633765633035
37383761626337656439383433623864313337616130396138343863326131613234303930306362
63313836353634343630313534393031326338653935383633666138613439663731623865393965
35616232303939326464333034613231346561626436663838386136333363643034316132623766
64663239343939323731313030386636363765353736353835656533326163623632383466353837
61643365353163323364363636643031363766356435613736343737366233363664383465333933
39303332303036303532363937303138313437333735313230626665366561636361326363343362
33653136306464393163633262393136386638346465346466653562326163363534623039633765
35333138333334623266613831666334643565393031386266333164616261383664333230303136
65666162363864333931356236613137626264643135613533663436653934356466366566656165
30663836646333323830336231313766333865353866646230313134613065396535643166373530
62353466323237373863373639663161663137316438323763386330323535616631363661316133
62393432313732316533363332396339353632333465343236303038396139623335336130383634
66326131386663306331626264613730323630333730333666333133666265623031616261373166
64336339386362393733333032383139303063373238343839363765373931356532373235653062
65366532353962393361623331393136646134383132363734613734303437393162656531303365
31653465356462386265653363343163336535356531646531643763653039376466623861333636
30316231373030323961316363366362643038643133396532663938613337623934663133653737
33393235643564636331636135613662633131376463316365373738313666623830336664393633
31643862616631313632303965316530383035346463353061366565326430663166313566333962
31333966333036643138623962316332393335343331636663333834383439323864376163313236
34663236626264376166613237316361343763373162396438663062366533373730313661326131
30323866643133353462643638616530316134613166663134326630393137653335636134396664
38386437336532356436623934613537323836396164326436616639376130663464393437653763
36613539326330366266636536313435376335383935656466323236643335313136323437663462
37393166343462333761613032653330336565633766326161306163613662346662393961343934
63353534326464323931383365646634346161333233623832626364653730383937626237313835
33363162646132353839303938383963383030313464393934356566373463373937613534343731
36626533643735323639643866346531616535343838363932306638343965346263323738356234
63663464343263316636316433663262656537336638623532343263663837303637393538386263
32346534636536623763616331346663663135353866323631373431393131376366343839326163
33386432343735636531326364363861616631383230383062636339393963666330613864316161
32353261356235623937386536393331303263333130616666326636383538643861323835383062
65626263653636393362663263346433356235363431366638343061333430386336346638633335
36313263313838326666303432653439356161633935623836636231366663333561343132626235
62613135393039303863353337653366643332313236333834613135323730323637623031373562
64323433663963313233333938333263643432363764626636633162326639653936303730333366
34393666383163316665383936396439653030626532386235346636663362653937396632346335
39666138306339623534333961343736613363303461303262363161663933306436333964343536
65316535656235663834333136376265316337646139383137316434633738356234313533633062
32313833626630663762353063363431666436346565376137646337323765333566383631633265
32326565373964386534346133346533326231343237663936616565303133306363336639363066
62326263656465323330636432333330333335376333343636373436613636636130373164303466
64366163353164323539623834383639633337396265666432386134303839363063633232326539
35633561633366313964373437666632666135366137646565363339613439363461393836303131
32356235643033336538653435626464336536633437393133643461383761383764636166393361
31643962643532333166326334373839386461353338316461646362633664623363363133663835
64656337326261646238323164373865643130366161386166316262303930613662303330336331
62326637306338633830383064613335316633306663336131373539663234616238636365363161
66643866393431613832366237366334343465386266363430643237383837316364346139383761
34626337636636376633323734306233303730346532323935633830333530646130623530303361
66356338373132383333356539613239646261363439373662303233393966383735386338306362
39313161643233333466333737396231633738336637306639383837346162316133386233323139
63613864393563643363316430386566653562326464323662316565346336633363653563656131
63343564386265383432396664633964633464626639386630396630356531383930353265613931
65643330313532666633633637383936636636363365373161646430636537386261376633313966
36363365306331356530366563396436336636633532343666333331356166626664373439306137
31653366613531653165633135626564353338623861656262336263396137663932636566643930
66356535376338613335666663336630323364626639373436616363323165396563666663633261
35393436303832623234313436616630376362353536323937343266663834323036383665666466
64326166646364656434633631393966373838363464356166393865313566393839386135316232
38623665616335303832383736623631343633646361306661623633656239353665313834633261
30633565626432633261623362343961383861373035363164393366643233306264323266396536
36323538663231643064353037656365633230663138393836313165363166616431623139303166
39666433623534643861373366663939396535653863343061353236313932613863653364336536
66616537613938313632313535636166653462306138313630343331633534626638323039626637
34643632613333663837383137623538376138313962366363393539386137663133623665306666
66323237323134373965633463643434656465313465653936383231316261326262393763326235
30393335663765333734316364313364373837313662636432323264336332316531376432363339
38366261343832396566323430636238356137373337613438383430633836623536653236386334
65306265656662353038633864333633623566373861323966376363333836316362613866383863
61323538373839383833663864323763386133633438383961323637373533386336323732396438
35383038353162313066663664616336656232316362626630333434323836323764656131656236
65366261333930393165356166333462626130363564336332623435323732343534
