$ANSIBLE_VAULT;1.1;AES256
64613338663461383334633166636532316337646431363835393164393535383464373864626564
3932643831343463666639633138633733623261656465380a356132636130323666303731306538
35653435643731313537363333616262366238376531343936386239316163353436616436366437
3165333336396361380a313436656636323336623731653061396331653966316530333339373662
65366563613131656630646564373962333537373665323137353831643837616430373230303366
32393430393265333963633236373562633431396639386162336435656464393364323166313365
32616561616639343532633837316438383462326335346661663838303661653730656234326533
65636134303835346434396537633962613635376533663739353464656138656663653563363839
37313037393731363363653561383135316235646563653131363665313563306635666333323932
38663639363339643163333266333233393033646531316566313265616536616533653731613337
36623331353866613865393034626564303834313832336535373962303737323230346438623663
38306666663031666434653465303137356136306338353235316464353565333138343838356464
34303134326238623335386535643437313830616535623939646265343661313762616638666232
62616261656338613065636235623834626161313937323138316462333531633731653433353035
38346565333037343338343930376438376363363462326132373233386532643633303366303263
38363535366132666236396531383263366630393738613466373336323138643232656235396165
31376334356336363663323439306262306264396665653835613839613132666639363263323033
65393133396132386337323764303864633933306138336464386134633730653737633466373864
31666362363031306631323339343763373266326263646336346663643737346166323834356563
32626331383937613235653062343239343337633735663266333130336465613435663937373031
64643362616436336434303134363034306430333734326530343831623033343038633936646562
65366162393833313331323061656639643464343063663930373765343230643662303730326361
66343839653639336133666661656536333535353437383837383164643232383665396434633564
62343037353862323237663937333931616661313033306264336134366537313539396338393662
39663239393261613034666332366464643263616466353539343961626236373066346533303265
66623132663831323666313931643537663162613266346630626233313230333431623966366632
30386631313832643565663264383165366464656464333964326136653736303666656631396331
35383432643735353532303836353866666339633134643433393431333564363037316466336666
36656439663163656465333462383638366635303363663937316561363464643566373335313637
36616162323635346265366133646131326361326161373935356337366231333134313664323930
36323235366132633763326366643832376335313061383761386431333939633666383763623164
61623866653336373234333265366666363665356431616239333236646663666532353830646432
32336334386138333664636665393762356365303664616461363864346339346136666666626638
33363039323361646236316336343839386631363330636361623039666234386539623836663130
31383430656231616630626435306231373534306334313165653962346636326166666436646564
61373266313438313263323964326138303730383365303431666136396431613538363938303464
32353363613339376663353433303134643134376331343236613739623065343661396665666238
37646136336436316136303439373837633834336663373661623339653232643036366136666264
39343037353939636236636237396532316233623135656366663437626138396431656537313331
36386135316465343365343930643666626230323030386534643832353836666236623337633366
31663965316336613131393430376430333636383462656661656533336363653539
