$ANSIBLE_VAULT;1.1;AES256
63303437356662366137326330346136343661616464343939363662653939633666373933313163
3836326439386534653331333363383434636366623566620a653735363565626239356534636533
33306234336130623666313863313065363835613731383131303333663266396637633336383265
3130306232396365330a633736353832383331373863353336303237363863616366356362633438
37623036656535316464386431353839363465336661663634613262366432386562643335653662
37373736343164643630323239653235393365343135643436326137326531636639626461633931
31333935616633303132346661326432313135386161623364306466313466333231383730393164
65323261373066383931383166643763306537326533643539336336356463623462323136636238
33313966323866633462353039343836636638313461313734383339616238636661393264316638
39626431373563636161666365663030623231363332663935373764613361623763386266376139
34373938326634326262313063333663363132613734663964633331326532323832636630623232
61313061353635663166643130643731613265306133613939333039333766303937623737353935
30623030623430353834323337396461343766333961333262343339303662393633656530656564
34386564643638313937386266306364326565353261373430363631663938363731333239326133
37656630656163393439323538363230313464386662363330336335613738366139313663376262
62313538356133366161653863393861306333643331316335383365653039356439613364353266
61393331646564393863626538393735393762386565353861393165326434303438383336646336
38353636383462303363363465653435363032613432326161363631663131303464333665613637
38386334633637303834323365663539666336373463653661363235323333386439666162373437
36356634666335313962626438663032383933653664326563646533313661353363643762333365
39356235353466653135346637626430633737353266373531373736336139616635323463313835
35393561656430326362343664343634653935346463386235666535353831333635383362313437
36343133613064396633306531333431336163353436643266343735323436356664663835316433
34616631623336373334643639623866346330353035346134343930396432646132346666333731
34366538396231393638333930363465313930316433653435306665373530396462613637313464
66363137323139636236386434303061393731663061313430363338366236613033363865366563
32613265616561363733616433616631636465623465646630323666393830353631313438343861
31666533373533306434373835363539313466363937643663356339313631636436376166633535
65646431616433633866383231646637353036366435356634373836313432393237383364313230
64393333373364633939343566336638353463326332313231633831333264313032386639363836
66356133363138386430633638656265303162333839343134336130356566653664383439636537
32636535326334396461633230386532656463303436323934656136363536333137323461393037
35376438663938636235666665336363646333653230323563373035333335353538336137653336
38363135613333353765303734666532386464376139663936343363363036353337376364393937
65343861646437353032336530646534373632613433653939393334306132303039613366396333
61316330633937626139316435626364393764623537323364303235393166366565346664623063
63393030643234333162636663333762353533623831623661613962303336633036353233656566
65616538616564303933303063393233356466613531656266636262376533326231636130393835
66383133383534366632653738376636326366613063313361343161316463333263333936373932
66636631353134333365333934633962663462313433636230663465353335396330376336343366
33346133313931396139656639663937313034643837656536313763386265613734663862653336
33626238643061646665353364366634336266636430383734653665643966663362373432373864
32653764616661393236356639323532306261623063643361303433383431313330653035616139
38366131626161313933616433303763376230353135303631353237643738363936346138383236
36643430363162306233376332376362313066303166663035326564383866313239666539393739
63393336653163666266336536353761333337396363333063366664376166303836623339366538
62346438353962373936643264643333306162663534363133666533663931656638376336643464
31636232623861633736363230363531353762366366616362366664306562353136346335613839
65373330346463396166303132333836393134323665656266333337656233633233656266366663
39666539306265306361306134306563643838656438633335363763666563356664313939383466
32626433653930393937353237323636616238343563393133353135323236663265343439313932
30353265323234323534316332336632306434636439333537393038313639353839306266356535
35346630663338306338613061663634663739623938633164636362626336366662333061636338
36316136366361656234353734333133393561613133353362386266306665386163303162316265
34366637303437663539306261613061316364376565316463336265383965323334346566313363
62323030353030323038323966376433613632656236343538326638386133303361303564316264
38386663383261616539303363623737306630646262303262396133356266313936343732633232
37383039653831623435386536353566646161376166323533336238316534393764383238313537
39353230623162653030633961356333306636656533336232383935643932303266373133376231
33313731363733656337373061353862646339653937623439643339666234376461613832633765
32646263363963356635363665356633396239343237353539343666316432336535336435323731
31653463346437616166373366653766623665356137396336316138356264326135396138353237
36363661613265386339383266346632653737323161643432393834636539333562383738333264
30343238336533333966306231336237646537643735313133323739363032616561326666356366
37346533396633396262653035663131316638613736396563663037373933643337303634336366
66323336623033653334393336373663323635356531323466653431626538333362616662643639
66393332326630666163646137663035366330383761386464313664363533616265353130316261
37666264313637333961396431623037643630373933353263323935323464643361336234636439
66663961636662633939633836313437343738303665396637323230376338323437306330636337
38653237393138356433653363643136353936666335623231653930363161373833636330643038
62623037306536386363636565393266353465373331636133666330666235333839356235653761
38633964363565653034373862666464393134636564373833313331643639383164373563663462
63303166353932383230623563326132356366353835653664613038663334393263396463663332
33623132373035663861383063633231616330663533633261616264356137633962363462366431
61313733666132656661376433316436663237386234353638383432613137376364326638316239
64306466316236376366373432636163393663613533393762323831633364373630323836303233
35343530633038643161356532393566313661616130636536343436643234386463663830343830
62643336663662313731623130623631303732316163383539336231323733336638656166336663
38633361306361653065366133313866316133643862616534363563393736383539633364353238
38316632383739376630366336306434356565643665313731306566396230336437653963636261
62363664346562336232386633333732336233363463323763353261396363303136376630323634
33336465393135636639303633646236396537663033663565303734656235316535336164633036
66336135326332353539353262646165646633633235326439346365373832373139376131386636
65646238393962656333323634396562323534336436666637323530336465343834666638386537
63333536663066316566623438663231363833386134326533663939303165633832303662313538
65393761336439346334623265363861396462376238646236333330666166303134393862633235
35333339646662666561386537353231616532373439366537393263373966363631306566336436
37333932653234623136303765353137303437643362656533356232363864396233646634313261
39303563353665313662613331646165636232386231386436373261663162376666386231386636
62626331356639313139303565353731646335313537653831396134376434646463336136646432
35653530313136343133613066646139306562323732383732356239663438386635353562633631
31353866663139336637643430333236326662643735653162366130326138366661313831636133
34353461323766363865613562616362353335393663336331346233366230336230643862613764
30636235643165396636626564663764623765613664666163656463393633326463386464643230
38313338343666313266326636336461313964346237363861353037636564656263653137366564
33363339373638353766653930646434333830386134336262396362643164306139343966376465
30663566656164626330616336373633366130646535633333636133653834383566336661643061
35353962666630323238643536383461663933623030663336646533383063666639346566363563
37343230303130623633616362663032326134363936346434306437323566343531313265626531
33383933616536646262303034646166363265663664356462633038643831363236396365653636
66383537303866666334663032316235326536373438353966663864346662303639633036663862
65323162313534623033393634366132613763346434393338393062636633653865633334376665
34313239313032333234343839323862663265356361646637633161623934643863363534323563
65333361366332653631353131363663333962333231333330666163373831613139363665656233
37323362633130663961316132646163653531373262653238633161346662343264323364633736
37373261633835313331313164393030613930383736363138366536636233383634303961663334
34333365316236376439393430386566323064393339383166653131663864393065383966636532
62363236383532343531663338643030623732363963313135303662646366326662313464633062
64383236376563313664336330323039393431356238383033366362666236353732393539643361
32666432613235326233616232346663653663383762383865613630313931366435323535383532
30303434383932373633613865393034316564623734386536323962633738383239643635623034
38323639326531643261633936623032383566623638353163643832663562383737626532366233
33366333383935613136373431306231383564383438623936623633333434623637316462313630
33613737633232386438313738306237363061326562353530643066626566666432616536316565
65383462623839633736383863313965633335373863623339363335323033616438633837326139
61633634666261656134623539623037656139366264636130633634353339366663366533373032
64353865343066366135396165326332306533653538363937353038383365663335643964663732
30646661303735336434353961666262623638313833626331303734333232316634326630336131
31306339386261316433383132656365303465653931386239353435313762666166383666653834
36313036626437396530643865656165396630623034363931623238613563306665363532376162
32363036366639653733383532383639353563363434623333346432316131383463373665353564
35396332636630316364383333633332643861376463386361353432313038653264316165663437
38353035303630353434303933636439336632343766393564333764326234306437623138333062
63383134646438336661316265666666376166663832383366333962373862663438396437646633
63643430633666353731653331386638396133613934343564633136623161396334613765383764
35353138373964636365363761393533316230653434353763633237353534303336623165656266
38303361323835663863313933346633346237346131396336613839366131363030383462643132
64646631373362663933316264663234363530373933393331333633306462333833363831386664
63383633666539623730356464616466313131373732336566383865613634323339306438303434
66623334396637353839373864626630623662636665306365633035356164666365626131353735
32306261306531383265323966363938613833303662333839633132326336656633663836616462
35393366633762666238313766356334666532356333663763333363393631363237663538386431
32376136303434373433316532303830613164353631346636653534376633366236306632306236
32376530313434313338653238613434623832666533633733646437633565623036623831373335
33313934306230393331353664653062613330366431663130356634323937343537396537356131
31323163663636353631376536643263343066353766373063663334646337396563643562343738
61323565653966313061393736323832626532613064346264626531646561663762363436643132
35363765346232383632396366393131636566643666356265336261326237656362303436336435
66303965613165666237343431646537333631333561646135303439323932373037663433643563
35343036613237383837313035623933643664636138386566333434386135613765663835393664
31663464616330396335386431393435346434396638646161366639323438346539303935363464
65376339313034343435343331323965303732343861316138353666303965353066613635636534
30646637323939303036633563303766346134393265303135353363623464386433663061663538
65623236653735353836663061643761636430343633363765353431326138643633316335336138
62643436353039633834653132303561326431636666383166396234346463333064663761653966
36346533616138613532626263336439383632353734313566363739663066396435336561636266
64383965383462323262653839343539373232653465373238626662316165306566366533313137
38663861653636343063623464633562656334613763623164326639663033336135646638623833
32663431326333376539373933373730616363313839366232306664366639633631326564663631
64353731376534646465383264386363663731393135653064313038626461653539336262356135
62353736383563353935343266313866613162376431336533343833396636666338373232663132
65306431326630626166323463626334316331316637303166623636376437356436663538363336
37613464393439396161616562616564666465353939346332613664656636386233333230616636
66666463393138633261383665363962646661323935623332303739316232313631636635366165
37313435396336386236373665626366643061623434653962386139383630626637363636323137
33323634343835326263333365323966353831376236303035613737393331633633313937653331
62383064323837356663353663356463383062643934326336316234306562636266363865373838
35376337333931643030656662383965356362626166323263346432396561636635393132363465
61376331653238666334613736666333303939346231363363643434646332353266623866303666
31373631336339323564333538663066663932623437386266396131373835623464383836333561
35333466636362346537323539303234636330393239623235626133303432616264353165383033
66646630663538343234373263336339643630333035316334626134666433666336626637303636
36656361383862626365623634616235366438643939346166323630313032643263386435646633
35326534613865643334343563636338353534656361323639616535356463343030643737663638
30613130616262383532313931313665653037353061393034303761653261363832393237346364
33623335616563616434616364643563373736316530646236633939386132303535633261613761
35663631656533643438316338313961393531386633313364373432643361633636643762313932
33386362333939653365626534373538366364353561663238326432633136666234326565646538
37373265303366643366616362346539663533316538393430383762646633333136663830326561
33613034326230366439653366613436373836666633663539353364323635353036323434303162
30623331633365653932323131643237303761613566336664313137643065353535313232333432
64326566353233353066313765383033366561316539316533643131353436356634306361326336
62303163666165656239383563396433393332323261353038353766313033663734
