$ANSIBLE_VAULT;1.1;AES256
35313630666466626566663539333263363262386561386635343032323731366332656532366439
3161363637343034373039656139323637646130336437630a356137336662633336643839356662
66303163396561373938373933383665663530343732313964313761313666386566356461303965
3534653039336533320a333937336461303139316361336266623065373337313663663366336139
35323338303136353833373631643535323539666562386165663836396534396532363237633633
30396462303037396437616134396431376239613732343766373632303265626263383961386165
34636430356262643063613832643730646635306336663831373266373130303262616535303065
36303835383162636339656531643130663235316636633562666463313664393362316432663766
32336266376637323636333161646339653866376234633865383761633066626633653365653238
32383839353236633538633730613738343531373239623263303636646539633763313735303434
32656439616230303538346662323639383338356161633831386630363834316534343839316663
39633738336563316663343962313833396662366435663137353365346135643536656161653036
32316265383835376235366362613065316565653434326530633534313636393434666663343961
32313166393435383130353063626238343663396361376662393130343038323061306365316332
65303866653235626662346238366664383061343963623963323739306133373561363231316636
66643535626333386536376666346566326462363538396233306639336538306131643037343039
38393536656431373765643532336561366533653339303636353739336435373435663333333432
35383562613636383065376534326465313332376365313437363464663664333834363934653065
31386138373631396233666237383238386565366563303665663737616164623665353938636661
31633239623233306437646136633237323830306536646536333930623531303736356239396633
61336631343866646536623035623763386235623130353236613331363163353637373861396461
64636639373939333035643762356633386162383039336236623065663061366637333436356437
64326630316239316163336133383434636264663764633632323830343464616133313234313964
38353865653462393862373738356166346435326232343761363635313334643466613462306332
36626634646563666132363536643561626330333132343037323934653962376630393238663334
66386536363335643861653563386337336363316334663036333064396433363933313964626235
34643530316263626636656663396362333533613838383763633862363438653361303030636264
38613435636362663539643237366466626461323532336134393431383838373839373363656162
35666663626330363733383338336538336139613263643264633438666533633861653564353364
65343331303834363963666337326333623666366665623461316133663264333734383533616134
35643766313833643138383133666563353761333037353733613061336230356662323232353332
62353564626264316137616136353535383033653836643764346661343764373563633263393234
62643137656534343764613164613763383962363039323531353239363935323866373037653835
61623239323761613437323837346235343338666135346337643037666339383266393738663337
65373130636533636435333139646432333166363761666130383933613937643632663439613563
36633530343639316463353339623531333261643636613832313632393933313039343764663261
64353065393938316263663961656134336132386331623137376566633835323166353565626366
34306162386363636665333235333030326363376233333263626466333130363933663766313166
34663738313137336134306366666333396661663231656461623830343864323137356662316435
32336266636432323766613164303233303538633838663366313434323862666230636135323839
34326334353565333561323933373231333535663835623261323266313938633930313031643432
34353631663162333330386337313134363930633736653136353135376634373830616437396265
33353639663362383832386465646132643439616561306530343139363330373835666639323236
61346134393235366534363031316462376463346336616234386166323462636263313061616464
31323135663461393338313166623837373736376163356131363435363733383366386131363036
35386137333231646539353432613737383637333933346262313031303637613366373836383065
32383236323265373231386333623036326134666330383662373661326432666566353931393230
39633536633833343765663931346466633230366535333334376632313130386661303931323734
62383366653566363862663831613637363966343437316439613337663765316664303434656330
61306636626461643534643762323831666465313164393461663536323861633535323031663431
66636638663161323134643838616561336361656339643633623033343966303363656264366234
31343363643564623730653236633866383036626131633733333162643636663462666138353563
39326331303037613732376234333462343933386635323963316439643762656230396362373231
36366334383638633063323934303362613339333431643633343335363966346635636533373830
31303463646231323239383764393034663035623832333466373834646564323334653537303732
65353438313236333665323663623239626432323234303364643330373834653031353265643063
35313735333134393436646330636439303562356333663864646261353763346339613665646361
39326264353233393263366437343464306465353334666666666164613962333030363362643661
64646166336237366633626135343230326665623834306464363063313538633263373232393032
30386164356565626130623136393535653539616137373834333239396439643638643166616536
35656639313362366166383336623862643666323561633133303762326634363465323330636139
64633861396664666363636334356636306134353232333364333231663139336536396564613335
32626165303934333431633762353962393532653962373336383564653064626339653661626630
64393939653436386634323464633365633261636566613662333631333665316431626639643966
64393463643038396665333966653462643538393939343064623861636339363435633132306432
63356662383734633062373666386662323563393433663132316161356164356638316634346566
30393038323531613262643436616465323739663465353038376432343634343766323236303138
32396535366433393530343262356230623535346234663931356164643066613930626434316239
64333331323233323666656437336632626435393265356435633865613865613666306232313438
33343338386462663932326235356638323831356437353337663261363561653831336662633839
34613334373462353433643739663134396233313635396666343037656232343931626638613232
37306630376661306236356266356231643438313934376239616565393562636639386562393266
31653938636533616633646635323639633761333133353238393134616135613434653033626135
33393633613231663931373962303566386662356332643630326634323564396338306665373065
34613965383331313836386533393436656366643534656335373331303930336631653238356261
31376136336463663230323932373032376362623964336563396431323834646232326664646435
63623739326264323861376364626139353664393630373830323264313865396562353666393737
36633736313233613461326139663235383564636335343464336465353637353663346362356333
34653634343834663239643338323430613433646530363935646662646262643263396434623539
65353664306366393838376165393930343136666135313833326639313261346662306536336563
64323562633863616564613835633464383236333039376433333665313464313062656234343632
66353036663036343861343835313336376361306163646635353464633838326639373932653734
65663231623461616263666133343431326231636462363933303966373564366637666432363630
31313965653431316563633831616364306630656364616636663632353738336430653537363161
35626561373933346462373039666330383461653939323864323433356339643665373662666135
62326166633538623166333633363838396163336164343931643336356336653235623439343162
66353063336533376532656136323362656638323562373365373764316431626437316663633039
30326335336164383131616465366262366130613631633538313734353330313566383632303762
37633430646263303131393536626365396433366263646533346132326366343966643661316539
39643361666262393363393530633835633030653131666138363362626339353566356663303033
61316636623031303766323166663833373838626234333465383364323130616231386664616430
31613432303935653166346566666330353930363363316134666335623366366166323635373332
30333531303133396338356534663766636331316437346561356262663336346538393839666137
65333834376138376430623438666363666236333131363363336235396338303862393663383164
35636533623736393530333965366238336436353635663335633464346136383434396236653464
33303237643565343761366165313931653663656162323366353536633232386430356666363838
37653032653134363363376465373263373233666566666530326336623137653062366131346137
35653031616136656131376135353864393963343534353362376363613537383964303334323462
34656339333639393164353665333864646465333635366463313431636435343465663261656231
63353062343337336565623066636162356336336639643439393064656435646261633836663362
65303337616337396663623566623338353166333837663935623730356330316562333638333331
38373735343936346139656165336166613336393966643136356135353432653231613639383135
63633931343631363632336365366430656131346165666665346437383065356539633362643833
32326437333237623530383061636436386532626534363331356263376433323836396230363031
66356630633663383062346234663232386630613164313164663830306539646534626430396130
66383063626564333065383734376436326532393763336232343263386230326230333235323137
38313234383830613462383465343461353932646632393936626662643739346132346563633563
61333832646533626239313339663733383464623963353430316637363630313231663230653437
64623063343031343563336465636632366536386366366138646339396362633864623830373332
39633062356130343733316365653764323339303232383434306637656239323038646334326665
31623833363566653938383563313435643864363137613335333864666633336361656335663963
61376536616164623665366434373564626630663562373037613564656338373066393761633561
33316135396462646538383562626430666438663638306533396662376639343964353235636239
35356530393336303664363333366335343531323237633431353231336265663665646564356332
63396263333363326336313664383763626433306231376439656531613431323731666561643466
30386432613734613530333134663135393065613261316134316365303664643231346330643534
61346163303731343738316638366363663566623362343133666137356330616530623363343939
61663537333634303966643130383437663830366536383637616639653832616464626361643130
31666436356238616236653365323530396439656163666166353163666232643338653236353337
62626335646230336333316462313561653063643831383765346136633666623565333362623437
38623637646236363761653035393661323033366662626564653962313564663638306134313962
31363231316565366437373061383665373532303034313938666235663235616638323461363534
63356531376362323635643565333731666439336566353031393637363337663565643963383739
34396238653965306630343634353632336437666462383766336337323335343864656134636139
64313265633865613634303332393335636566613337613833303931626336616266666262623265
64326432393538386534616631376635386236616231383461376661303734333863666363643436
37393831343039633862336237663637366239343638613463333237343062366636313361396332
37616139353339626666393366303933356262343333383865386261363162336339656333323732
62656137363164623335386531366165353936323866306530323432303334326133616664356332
36376132653061306263626334646435663531333761383463643336636238643763363161373237
63643130306666353963323163373264616161326232636135623862386336393162393934303261
61623432396262666463303636336431376262386162363363316436316166343163393365376564
61643234303630633833326339656339363139633033316265363834353962386339646662316430
31313330343366313336653761623361643331333335383030333366346465313437356330643764
38626639333736346132623334656134373035633834376633333032613733313238386330356233
34326139343065616162336631386236623630363562663862356330663535353938303233383836
64373962316135316139666439303136633234393833306363663538663636353833343734373361
64353331623538343264313233356438303465356633393930343064616539383166623935653537
63333139343563376435393262623135306338643934313162636436626164663131623563613061
31636136636265396637663365383537643637646634386232313932306161366631653466653961
64626231386333346633356531613231303664336365396166393733303639343932623862346230
65633663623166366437663835333365663637316237343762343439623933363730313330656133
32353238653638616234336162373264306132353339313238636631336161633436303533653239
64373035623739333932303032623864303164343965393336373639363030663465666634393130
31613962663766366633626663343031646635376234633366653435623761643333316232326433
66393137613438336461623538353663396637376561313538376566623737626562646235616437
64663365653761316662613332653230643166643861353034383564636564396161376633633731
35613961633834363832373337393639346432653333323637633161343562633066623766303034
33663939633535333130663037393462626236356261373631626438623338363837373333366266
34633235633966386136626563333033386165396339623465363134633930326630336263666164
38633132353138613666643736386330643639383934656461396666376563663633366563376462
33396530383639633061333130323934306535663539366237336164653437373234353966373133
64396530383164313062313333616563393331623664396239396230653962323739316364363731
62336261656138613264636337623539383264653837363532366237336162386237656232323236
32653438326339653366323936333965323530623738363034613438623065653065383165646266
30653435616532653930316437333538396531656465613333646162613064623164643162333761
61303133323534303132643733303631613634653331383531646432356334343933353436393137
62326333326466336333316263353362616438306537343635363835323662336630656332656366
33346265393763353861303430333063343634626433326163663861616635646539643161306538
38623231343930393465656632396539346362313637643162306134663465346363363738623766
65356166643938363534386432336438306138646663343462343662616639313733323738393532
64396539326433363531323266356539343037316132306636373332613634363837346635306536
39323338393665393366373132356234333936356534643663353335323032626462653535626335
35663035313265383061383662323534336664616333623135646634626435643765393132666439
62336266326464616233656538653063366435656563366535666563646361373866636632396230
64643030306633663534653163323464383762663638613638663462323462356165336639343331
33646133643565333861653063396537343939313239626363303666313933626534396431396662
36326261343566386633323331346538353335653362653864353031373638346563353462356231
64633938653234346164303834616166356633333338306561376634373230323833636362323238
38383065313362383538636665383538346463353432653064373863613236323664643062386433
38613131386637643739333661653762346563396135353262333362386435663131396464636561
39633535386332663430643632303461333136663033336137636130333634373965623436626261
61386561393933666330303262666633653864643065383737633936383831643530663933636236
62383461653432373162646165613031633463383266646337323432383663393634373262666464
37656465616439323639393433633035613932623430353730383630633662356336633732613962
33356234313739613937643634333330316538326634323162653036623838303262306137336438
65643638653864386264363934613239326330666239346138363161393863363562313762356239
34386363376430333237323734306264333237663261643339623731616566353133336564663966
64306437626664646266393439646261303532323237373536616334643035656666343337383461
37626532336461633533343233303538633836666632303362303961633663666234633162393466
34396337343262666633633234356334323431393961393330333865653930343566613731303936
32356231356634363730656339313861326133366562636164306338623039353138656461363236
32663265383330363239306634643134613335333562346436376133616435363561316566393430
66343463656366323432613738373134663933623930643137346334623034616132333235363934
38613163386331303133353039386566323937666332366135333033316163306361653335326639
35333463386233386366343634363165613932373836613639356265326466306637376564383461
30313634363237346663626438316663643534346263396134343633366236386166383231303630
30353530303336366165366562666461646465393436323366313966623734383334313435323433
32663035376264643734616536353539613338393431396465616662393533356166326538333164
32336433303662343463363331393737653035366435623135333432653636313832363466663630
30623830343732636264373666366535396339383762656333323430363266356338333838353065
33653436383563306535336166643965366237663961636139313166656162653162366361316234
34303239303034636664396361313834616234643535393632396662363033353736306435623961
37316261646461666530303530653037363037353135333337333361373364666162333733326661
39393231656166653037663833666365363835356637303035373637303130623536323937313136
36346164366166306566653732666535323166386663353564356530333736643438383064623065
34623430613536643163336362613036643439396533343839336236646531316333653935386663
62643263373662346562613366353434376537376162383165626539306563626432393235393333
30323039353134313761643330386566633162646638373763343438623436636236646539376534
61326465346237396433386236393461363133623162653362323534343162303933303662373039
37333237626464373234626537363562636139653839393632633333373636356666346230613239
62353034343130363863336336396463663837366630303936303039656431306266346138303365
36646364636335666235396663323832643132353632323836653237346133626462336661326363
31623131393230623638636531333234653038336430633330646139386262663666303762366139
62356561323132623738313366356562353732373036626638663766666363386238336139653566
32336631386337646464333630356363333034333664613963313964393532376462623863636463
61626233643162646265373035303864306563373332363439613665653965323139313238346431
34336433663732653565316366356633313838346365313861653036396632616237656363653134
63623165373639303766653763623136376238656162383638643033326433356534626361353339
34346339666235636464613364383832303534623430653634643763663634323963343162626464
33353166616438373662363561303737316531643962383538393331653633643838353661333537
38656131373130626534663762633536323737633336663665316266313834326265633165366631
38653662346333653437393163376233623039323833613537613862316138383130303765316461
35363432373539306236633630653939653861353733653766333734636535623030643637386666
65323639306266363933656333363063313635373361646337356631353662666636393863623232
33393735643166643830373061623562346137383033623335323439353263316466643433393637
34633131633237303235363930656231303532363264323635653962373534316663383831653634
34303366313666383430636233303061653238313966313737396433306630643138656339626136
34626231363263303031656232353736633664346133643964646130353237336262383266643335
38396633666431363531623366383239366634643535393639306339383634343738616564396131
38343735636661623639356137313636356639656633663162323861353963636465633431373033
38373835646537616432356466663238393964333061636534346464346539396338613066316236
39643761623364353137333836353166383438653235356363316636303865356332656230666162
65623332343364656430313232363634336464346564633332643436336632303861346364303238
33333037663838353033643763663736303934363539336238613133303230363236616538373365
65393337373966366636333063393162353536613430393464613766333261336261306164666666
33396533656134353137633563643631363939356265303438623736653238313263306536336636
38373735373936366333373431343830666662353634616333613261336464366162616230346162
64396365313937326363343339653165663730633238373139396630356563613834653932623662
39646636336132623465306466313033646564376133343334616336343632343437616562653434
33393464316161316366653866323665643862366236613034613466616161353634623338646163
34303166643064326134353862346237326339353435306434353265646233313732613161666362
61343934656436613563393139666638613735633434633438346164356138656332313536616331
37346630323630333131626564353238343731643434613532393936383331656264373534323837
35313033373232613639343330636238626539363033613161313332356238653533633366353262
63333136633231343465666131623536623163636633373230626665386231643331666335386530
33353065313634356631323533623532373730373365346462356236333761376165383535656637
30386633633132356163643630623262383366396135363462366337326630616566346262646261
63643331346136646630386536363131333234356464653132643861663537313564353863383233
39383165623532333630316438666530326265393561323438383030366634343634313863326439
34333732613437663438616262623563616562356532383138396364373639303161336164373861
36306261626265383136623962636438666636303962623132383133306630663963633862636637
33383736303135313831346662373639623636366636386439316438646662386661646533353162
34366465653036323265333664653766323963363737366434333035306561376136366665373730
39366432316365656362653839396561623637343263393166373362626234653166353836613639
38346537653363366363616134323665313437633839313436346162663031353366306661323435
38343266396338303132323337356662363564653538393538663566616235653139376439323434
65623966396361313039303237633264623539336333323265616261643362393837633861653162
64393438656138306462396563623932343139373464653766303361613432346564383238303963
61616533356238373239626561306432323663383661303366343432653835396632623964343033
37623566646333373135373230353834643961343066333965343764373561626265666136656265
62376165663535333534666661313763303833376338316565353166643566303533656332663833
37306166356335363766326133656464633161316636613939333235393133663137353436333932
63393738363666646162356230353831653938363035636361663565646636366338336261376333
61636636353536653738303432316264373238663738666331303331376135393336663236643866
34643839373164393863643332313432636165353134656662653864653164303361366234646431
37636363623965666161663933636266303064316435663766663739376532316165663439396337
63626166646532316439316566343737373339643831656661393530666332653662326634396431
30343665626266393261626330643762666137646665646238623061366134383664303332636361
64376265646135303231333839646266383335393237643365616535353634653236333435306462
38373530366436353335393238643964626434303935653137633633366665393334316532613062
61373831313435373030373161303734383739356436323638363363623365653765363837616438
30323861353732343762393363333036326562396161363630336635353533396632333866386161
35656631343636316165623563333934616466646431303562613037316666323733396634646139
32666138323564633366383436306332623537313239653636393139353861666536633530333361
61363632363637306162373561303830613237323061366335643063353236313462393239383963
63373531626666396535623761343736316561353964373438656466336239333266393965316334
38393332373462656461366539663766336463313736653336623236303931646564653830313664
33346566336630613665663534353966356230326164303332313930343330626430613736323836
34313362343966653363366166313163653736626433393936346435356633366633393665356137
33343939616338336234313334626565353336636439626537326136316135336233313534383032
36616334363133613836316131363734303130363565613331646330386466323935383635633161
61626663326237386237303962366666633461393065616366613635613234636265656533353639
35396330333862316438396531623363323063306464323737353432363733353931386430663839
38383836643264636330323032376339663035623337313965633537366661386566613738303531
63373731663166363131373032613033656565383739666161643530313337323066613838343635
39666235366334303831653161386266373964346339636261386337343462313235656330386337
63373662616338333132336331623532626633336533383338386231643161646330663634353239
33396236383465333233316561623630353032383762616237353961373534613536356533656134
33353735626137656332323964653138646161356362386136333263323538666135303133623639
63663332323136616165383965643038643237393030333732623935643632343633303365633263
32306133303131663235326466656438396433316637346562376539636334623463336439356230
37623536613162623361376233323336303561636638373536363964303436303638666264333232
35306335353338633362323232636539323538356462363631343863373737353738633136366533
64623739666131623564343634653664626233303134653566663439623130333235313134316639
63663236396435363530626565633339303539393863633866363039383661633331386137303239
63336334343534663938393261613664396161623166353432623962613834353364633563623962
30313461343664333338626562313964653232366234623634343739393432396564313664656139
64666635663164383135646131333061333662356265653165333861626537646534333161623266
62383538373238373663633866323564656139616362636133346266366537323363616139373434
61363261393130386432383835663164303739393330333439356536656134346235306339643339
33636162383533613565666463653035333865653364383730363961323631643937373465323637
39303461353363613061613263356232613533623832353738323731313133383136313636333864
66623633393964636661353363306565373430303436366438346333303833656331343634373936
39366132323837343266336562386231623337373530303338656232346463336463633565353335
31653830343365333861313361356363653862323336656263383734376562616633643834346161
62613036373436623634613065373666626232353336373062323766306631323535613030646564
62336336373962373330373236626138356164353837333735303834616430613834633434343331
61373934666261383937333964653666303834663763363462613734353432356463303038363062
34363366313039353964653135643531363239626138653663643166656265666131646135313261
34363038333965343366316463613562393461626339333061353431313065343463343734306530
39396361363839653735623934376635333336653638366633386238306231316164346166373163
36616561656661616661623263373564393361353866383364383331653361636439353338613436
34326331616664336663376232303530373932643530663566613638323332396430343733616233
34326533313031633263653632303465643362373637303063326432623835393066313832306163
35323662343134373063323330306466313162646632663531323731336532653332376133616166
36653865623731616430616362396331346337396337303063376231373233643332396636643061
63656132366539316463616338333438653532653965306132383835646463663635616137616361
34323564616562323165343033323238613535323263383137376666396462333463373662316162
39323639333133303931373633373336343963386533613836373037393733396534343137393237
64623632303064346237626136316236373135643863366161393138663165383565653834636637
66616332383636323766623930646564666336613462643635353862363231306161303435333465
63643431313434306131623261323562303866383336313533333838666364326261313636333230
36363363323730356231353161616635313037346631613236396236626436643731313166663634
33306636333334323636373134633266313866366430663363346265323264363262613738323032
32623436373034363466323266303962363465393431663461323737313464663762623035656438
63313964663932633339623537386436386332376662666463393231343265303963366235646163
39626231353037656138306663333131613266616136633262643438373665633838333563656661
62366632643762643632393530386137333636346363396566303665653366373031633236386338
38316136333930303337313461616533626164393033393939643434623636383561386561383930
61653032306664626362646537306365333935356137376561343335653631366137383130383133
62613634633330303934373739663065376661353531363132663833306339323035393037613166
35326235616232306539663936373734663564353637383633636538363266323139303133396439
66643831366233613363633066636432613337343630376163646666383634373533613832643063
36656431393434376436653662376566323735353161333961383965346366653263376462626539
37396163356262326537376636663034353737326366343637373265643936396332633630376236
33336164393966386236633235333130303435636661666232633962613631633730336266303637
65346366306331646363306636626261336439393963333862613864646636393635326332393434
62323531326639633732366630343834636666336533353230616431346335343531356539323262
62323134326665336464613561383165376133653634666163333734613336643131323939633636
37643063373535353930653632313636383031323032333231363235626563353936363131346266
31356466646663346133643234363630373865393337373934343333623361393463616333653863
31373338613634313832633064613137336431343334323235373938393838323862666430306636
37626232636135373937346466363065326462346333653464656131656339623530336538666436
62663137376237373535363832313738653038643134663032613535373035336432353830363739
32393337373634343430613339353839353065643039366465663538343930633065396433396365
34303362303637336335346664616563326138383739653536393161643535353563663230343661
34303431303431356565336630396532653762313931363465633336613239386431383431303733
36323636336630366634306264386632346138653130353731393132613437353534623366343266
61626538306565356333643130353336336438663735336566373165363339346566613863383965
30306237623635653731643966616339316435356265393763663066626130323134333532323361
32323565333036343036643165383338616130366330386336643634623263313465386165636137
64393831623430376466363134396666623362353936653138323032383764333735643237376432
61653464626139376435663638633937323463326433633062366135333463613361343365646462
36616137376237653330343661366663636439646432643266313761333739646333346531363336
62303564343131373835343837316236663035623733633133653137303638643765333036366165
33316635396131353336613631656334396562363333313839313530336636303239663436366162
31353536313331376135326162313766346535396332653935666135353064636365626434633730
35353632623066663764303962323435326334633163626438303833373966326661653136343630
62393539343630616331663733383362333064353632636365373266303836303661306562613466
65363134393962306337663136343062396632393538663336616662303335356264336362353539
32303061613734656565656633616261396333316564383365326132323238383533643265363731
36303838303561303764326361333339646232303364336364313365376234643963353562373232
65646532636338346630333737353637326264343564386566383066396539316638366564363264
63643864623163633134326166333934386365303061393636393161393630313133323264373432
38666364633532316136393632306462316530326162336235356132356539383935633935653437
32626666326430343865633732393531643965323363663537623464303537646431363039626137
64333861306638396463316534353634626430613865336565646661366630346130303234303665
34346436386436643536366562376633643262616365346633653430363464343465633261653539
39363934663635346466313938653334323638666330346633306462656261663063656238626532
65373462383032323535343764636163323739333634363634383166363238623937623663333765
62353431313937383262666236613236643461646531303636346430376337656134333065396639
31363361383830653332393463626639343734356564313636663861363931636537343866626335
36376637326666366639363939383163646562303031393961653861653836633866363765613336
33343339333562396362393130393235393039613834646430363365663935313936363761396137
62643331373964393663663832376437616438663538326538333232393066366663663266396366
30303662643339376164343133303864363863616438383763343438393039313766663162653539
65356437623735663865653830316262313433623233386537303731666230666561373463633865
63663132623262316239626632326561306662626533306163633931326366633934346231656434
33633262326234646462663565663761313830303936333734346334326666303062373364343135
64396562626265613837653365353830326461333935636263323666363661333338386638336436
32663839373463633536353465613933356238613238396130656237376235633633393936333034
66366165333437626665626238663630646361373762393463616161353165343632323161653133
61363136636131363534623137306232376631356362333031313561313733383839353064343037
36323139653435366166363232643465303862363634346633326433613630313236373139363066
66326266366334353464356664303934643266376532396336376462666631396439363435383762
36346136363137663332383330386339303464613035386237363434386133396335383633653661
37333362323064623761326137396334366632646165373330336636366536333666613739626632
39333862613063323830313261613239373062653132643561666465353861393539353462336436
63313632613064336639323564353439316163663334343963303536303435663063636662616562
31656230353834663139393333633563663637313461373161613130643731656134313033616631
61313165326566633630306239313839323366313032623262396430333730616430363739633765
36616339323865616238343131643465373435623936373266623231343639623239323334646137
39396166656234666662363262386336613965643265393335396164663839656665323532333462
34313934363731653136323131336262633430343366353634303537616561363662643265633532
36623333343437653633626163643337346266633463316435396362636337333163356336333533
39656431623561346665343665313534626462383966336131393836326138326433396230333265
66343864666339373962363966323930653665353238666435313236363463326430306162656136
65326664626132646631386638353835343738656631343039363962313136393365333934633463
39666530626339323964316132663634313435643637303865666637623531383433343039636162
61323162666162613161636432373536373230653337353963626666303334376561363334376264
37653764613637336634306338656437363561303231373866326530353430373263373463633334
32303939363836616131636235323762373761323032336362353831626135333437616461326661
35313834653264653135613238663032333730363233323330613930356137333435393463313162
33316135643537666336663962306133343762343963616331386236303332333639383137333762
32636463656638386331633766613361323738326331376464336335373633613730346262656638
33396266656163383235323466373330393133363436623239643033383565306436353735323836
30386432393164353832373535343837383735323431303861326466373461646565616664613430
39353862643363363233623132616364313534386261383636303932376663613638663938393537
36316365366164383433386661656462343436353938623236313534386532343537623863346464
30323563636339313062343366336634653533636536663462666430653265303061353865333764
32316662386233383536633137363433623631353161396337636533656535396264616437356634
36363231363030326365643532333031343139656530346234343966653066623762613766303534
62376232636561343264656163313136373836306135633865613632363265376163333331336165
64303239396433316233666436653532613236363136306266336164363161613937353431313864
32383962613232646535343730633036633364633831383862373430383536613035366631346431
38363137613366343633656430323531613635613363313430333637376266353938306265613762
30643637663130313634633038313433646436363732316530303064323761353434323965656539
61303131646434356136323532653337396430353134393933356133386461316364353232373438
37666564653832343561356239373533613364653535373361333639346230303232616335303534
33626261663736633838663933363232396664623035653531396337316435393566353438356438
66656565626633636234363536383562666637323836316261376136326266323363346537636634
38663535353863663131643839653830623665363739326631636138366634643365656561656130
37353061616266623134323763346538303836356436636361306564663663363465306566643161
39333834383463396337613733623131303561386261386365333232623333633838633130666661
64383932396539653630333462366439343538636566333562383764323631623863313437633032
61366266373361333037646535333139333733373735666536613937346463616162636130636161
63653362363965336235306135623735353866613964643261666431346131336231346430383762
39616162326364386636653262333334343433333432343634343832303863366233336361626634
31656338656533393063353730333734393865313231313566343131343365363061376130306230
38663038356432383631653732643663643631323634326563316536663765633063336239343366
32316166393864633839306239666438646333396339623534623135643661323663373030643465
30303064376238363761343363343232633335386362373835353734626364313664666534383834
38333030366365326464643061343933663063393265353666306133306239313034626631383232
32646363393132303136616536393562333736316239323462353035626435636663316463366661
39383964333965306139656562323837666635636661336335373963373064353338336636326534
34326134313662386339643931303465373464306237363237653233653535613737353336653330
31383661396432303937383939363061623164373231613132613539663965373161393066306434
39613163613831383766613232643636323734383837356533346466323765363835316538373466
66633531346234623439633938353165333438326139343431653561633330323836313438653463
65616464313139356634316434326334346539393530643536303635663639633033313335356463
32646661303362656364613332383463363531613766643262343863363433303931623834623134
31663430323332613664353765353537336638336337336138343932613564623330666336623865
37363035333136383130306562356262373537353063386563633263313362303132343135343334
63326163356338353063343061303564363265373837306636656536366363383832616337316436
34383934373465653930646539313466396134663763346264353038383565663939623862306431
65373331633632623261653564633130656465643936323432396537306635343165653634343261
33326536636439356264366666623935323261646339613039646136383362383638393439353032
30663864626135663234623939306662646133386530393531613431316561393232346134613064
38363630656533643131373162666539373736643662633664323663343930353865366535393533
63333563303665653661333832383939316365383337303533613135313335633666353765353863
66643538633135366266623565386163663439323639363362636137646637356662356263353439
31646363626231306435313531623233363038666364666239313163646438363761336438333363
35656135363161623363663333303438393630386561356262326366386562653430313331336563
38333134633264353266616363366533353731343731313138303437643637326265643330656537
34306239383837663334643031633937363030636665313365646630636135336265393431656637
61656432653439626139363937353832303338346262316562363631333366303733646432363431
39656361333765383532653834313535613439343262356239396334346639323565656164636330
32323831663630633630386565313936353336643435393538633863313430376566313937633134
32393939316464656163393938636130306361653262316136623633633531393033303538653431
62343539393037326638313166306331616163353365363034343234643132386439313662373739
31666561353563626165643731623135366334303339616331356133316533363766353164396662
35366632343631306236396132343131336637343737353033363234663035396266396639313861
66623035633637643661336363323664323365343366663035643537336532313664306438376131
37666632613665336634356431333062373762653133656464343330613138316131646633333736
32376538663538666639313865663338323163633764663134303334626637333231663739656531
30616464643839643262396236303263373336643434303037303033636534626666393030353263
65313238336331313435316234353139356662623163613937363465353336343731303061303966
61313763353233323939643832386138626437653036336437383732396463343134373732316666
39646363356434333562633363383832316233393037363738333636373862336538353861656365
36653635366264356339356264393232383166373463663033663235386234333434346161393563
31353763626365313961636135353532323630323637376664393065343862373931663939373663
37303937306166306634373231323634303831623361323462666562353234393963663738373330
61326634643263363430313964653437633366633766646664386664623931336537363163633236
31653663616338616230393732363563366137383966373732326161656365643964306661656137
61336238386663646534633830336663363331613533623439333933626432346563366635363639
30346464306239656430613939616363616331343564383235353161356330386130373036356635
31323837383135336431353262356333656233353863623934623433623335323762356430313130
30313466616561353534326563626633333533373939333138656163313731353930393634653262
35623038333938393263316366343339643037636235666531353165613138623465386538623230
36326463653565323738613265336335393165376236616538303335646666373665353536353736
61303837356239343961316366663830313866333562326262383135333139643562633732316132
62356465336565376338636430383335376666626564326563373564333962323338303832613435
36666237663762393064653335643430666162623034623836666232333964313065656532376463
38336231633161383363306266336439663934666461613636353962666236326463393635383039
39653933623430373232656437616635643339383434643033653731393539333435353538326234
64663533323931373461383132396139383863653338613064386163363036646337633963366433
39643064643136623066396339343263373334326630646235663038353735366638636439346537
34613936643934313365643433386539646537376662396139323964343562333865653263393733
66616232353861313362346235373333656331323761616336623736666639663137386663373833
34626662613033636661373739656561346162633465333961363863316532323563613665393564
65323732343534343364343432306137616562646133396665643837323865666263356465306530
39386234663861393731363134396530376136316237323665373639643537373165653034313731
33666635613031363539643963326430666363613063386163393965383566653861323934356234
37303961336339393231303338393164613764306134376633333533623565633236623666326138
38666265373232383736323334666262633535633464646631323766343836323032313663623235
32393964313636646662653761653534333539396334356536373665393836323132306163633761
39346262653761353637393830646237326135336234383462656138343531353037373564323638
64363230326239363262623064333336616333656633316265353962346130313361303637323431
62303666336434343465343766383465393237316630636530653435396261353835306430363636
35333865343466333237333033333336396634323865636464343865386430303735633135623266
34393537323763303437333239356664343231653037363038323235623135646236343562633539
38363535353464636662393737386430623939393239373866333764633261613965633838623465
36663835636538643566393035386131333231626563616465326161336165643866326337666236
39303263306530356333643333656361383235383763313736343833303330356234663035316561
32336334663866383534363432613530393730643733343633336335353339333162313633663636
36316362373237393938323339373363323436376630333836396665323633363433383639623535
65643539333863313763323966383331356239376166346137323937653834356361626437313037
35633061663061653763646539623536333739386433323263386463623536386235383230613637
33613238316231353832356263626564643163306234366133646363343939663833323964323665
36373332313839643231613637626131306330393331343433643364613632363235376662333536
34653939646534336235353761613062646161326362666338646165343965386637613664376361
36353538333433343830343939333963326434356336353565303964323066643838333264393935
35303835633263333163656263386639663962303265343261303736333037643764316134643930
35396433336532343430366331303664333133366164643166306162396564386364653834346431
62656465396534363936386466376634623135313034316235396566613739616664613761346263
36336432616139393734313364613139643335323133653737613634626563373161643236343862
63333939313961343464636564646430613163306666623832346532626166613062343033353663
38326463653439343430386339313738626137653834336135373639626238616630666431643764
34353563366366383831303238626633623139333861636134316262633135376663363766306439
39376263393365373834373866646333633766626163356165366534646531326362623138646335
61366439636137633932306265356135366635326464383730616266643130333133643038353138
31336434396432346132323939663139333338366531363666643937363530666434653537623432
37666436383232323164306536613563303931613261326237393339663462323335393561363765
63653836363933326532306235356261666235336565643234313635383931306538396165613766
32323965316332333136663465643435333438653161366565316465636630363331353538616666
38393161373738666366396365613336326131363139376437396539363936306132343830396163
31356331323465373132393731373132616165376639373237643932386162343466636630626665
32356238623963623836396464306633643037656333613537616366633263653632633839373537
31393862306134303033663163343832656432343765323631663238306333656633333237333662
37333261613765346465393132316662623733653038303061326534373932643937643364653931
31623062626662323366666335633365356466383961663238373830386339303566353664626233
34353734616633353363353562303632383531343363343436343536313863336530323566623464
35666264343232613566323837623032353865303039623932613735373935383266336562366563
30643163626435363933623364386438313262383965653965663166633737666465396162613662
61386230633963643535396437663363313965323962373063356462346136666662363964356261
35363562666636636332633465366337396130656338346637353161333965373234663163373332
61323430636435333933316339656238373232656564616637353830306538363431363435633464
32326339373036613264356335613134326263363133353363353936623532393930666332343237
34346265623962356166333663636439316563636661313933326630353865333863643365343662
30336530373932393436316539373462656132623665626234623761653732373638383037333265
65643331393934333535323862663166356335343263633361643734643338663264396562353864
64656565376438653236363030356561396137396463363239313930336262383961363966313937
30336136663164643164373739323733316466623435346639633734663163613665363466393663
61363539343663623466636464383663383966636638393139373430306339333438303063313566
64653164373437623030383036653165346566613362633363633461383937376265663061393733
30396330656263343662656135396538343930626139616432363634616237346538646436633830
36633763353835646538313935383739393935376465396365303236653434323832343635396361
33303935313032386132643439353864393363353932343432363933643738656363373838613261
37363837313135326333366365626265303831636236356237373166313931646136343338613064
35353563346137343832323864613662633930636639613832636436633062306236336564306433
30326666353633343661333364653938616331616433323637326136326561333336663836366232
63393635316461313734636334633138613137326535653465633862323634316435636561383432
65313938306139356534386466633334306531396439333539346264393763383237346534383763
31363262393830653636353232636165666432366636626165356430353163323839336564363566
30633331656363323761393738623238306366643139363136343462373363316664353766356561
62356533336132633165353363383661326530316139376265336433626538306535306435663962
62653662643230633963396561386632333836393235356465663261313464313563363961356563
37626662326166613034366462366639336633663532623130343434343532353465343238353033
63656338303730633663373337356438393864613065313132643061623838613338316165623434
65323639356435336565653739353538343566323733353866323931333236313063643336383130
63383231363837626137666632376136383963376362363762623339633439346634353036343532
33383936646138303664316262346330633730653264383330336436646265613437333734623335
34356638373635393234333263363539666264633234663935356132643637336333656333613064
30396434616532643466326261613932663331643636363736353537373631616538636465363239
64313637623965656237333732386433336461636537303332613235373162383037313830353563
36363962626130346238306661343133656162386161666333623534336663636338326662646534
65653334333139393165643037386238366562383033663566363235313365623836316566373464
61313238643634346630323432373038343831356261353735373661643865313764643839313833
30623661326262333536313637303963653639343239383032656263666637616464346330373634
39643266303133656663313134633134336531346431303464323035626238383534666338616161
35316634633361336531616265626338313739356464653130353863646639356565616361643831
33396164303930393831326538343731343062343133613562643665386330353965663164623134
35303737346637393362333535633865313330656364613731363030313133333361326531383164
39323236333832333966353763633934616533316663353236313036653031306232326561663937
62393861346638623238326634336235353261396463343265343132336338626135663738386235
39333766383463393534653439306438306264353737383164363165326233333462613135626166
66396139363063356337383631613331326661653765663837313530363538386639616464643963
35663562663138616634623134643231363265613162333036333832326338623336363762376531
33336564316263343937656139346365353136383438643534373764303936363231633738346561
30353066663061653639343565323439626264393666353035343031623965373336353937303438
30383962306234626136653466313235356338323130373661656639393633623331633061633934
63363936353163386163633564303766663733646334646537616430656535393230613061343533
64356630323163623162363538656236636466666438353961653735626437653533373230636134
37396236646135366661643961336231326434326130646432386431393863666436316331303961
62316235633262363837373437396664663930336232326334666237663330336335633961373566
38666530306435326236363864303562376237666135376634323235646634313365653562393866
65633733323539363534663136383036636364396236313163353661653663353334303765636662
63646639383162616331353564383931346338356634363564303733626332656532636333643735
63306637646332643632396465313862326166366261356138616132363038316562303633336261
61643138363165383037386236373938376234666661633431643335306430336633636265353465
38356638343163643331336333383562666335323730313061653961643364616235633162303931
37353435643735316364383635366535613134616133316462346263333738653334346634343137
62366461386365303731316433333362333233343061363838323263316361353734346632396138
37613762313335366636363263666634343532653664626130303330313433316339353831313033
66353631663930636565643435363765343966636661363035663039316162383737643964626234
38303562333366616334366533373062363761623162613633623935326531646265393435376161
35383530336133383233666464333035636633643463316666636562353465666164383938356363
64396639633161353733336265346539333632313832616261666566303262656534343337393538
30363430386232363166323031623965653433663130613564356562646339663733386566323239
36663335633863346437636466363931633331313365393262353366386661626364373235653666
62313436343964303431666563646562323134623563633563626134653437623162306563373164
61323937353362666638333863336334373038353837663938656438656135393664323361346134
36626231643938306264396162333964656238353836323262393062626633643062643463353838
65663862333039336162383036383738643539626237613466643564336134303732623264656366
61616232306537333765393834623463323665353465316366326635353439343861333235633430
62353266393462326536626266383130623334346630646163633937333032343737316562633535
35636638633663393635346363656431316539366132646366373338633465383965653430653235
63346463323531336437353130383762386133646164303732303063663163353437393435343631
66376432393164643932373264386464316635393164376632306538373432333530333730356161
32343163373534303039353265333034356166396636636361666135333031396137373866643533
33633630656462646336653166336637393663653534363133656135356263353830653339646561
32356239343936343361303339303635643364613837633366646636616462653162353635653331
66393536623038663065643232636539646561616635363731656464393063633234336131616366
34333662356236386435663665366566396633666439356332393731363132663239316164356337
33326530323161643434663435303539393164313631626130616534656361326262393564386161
63306662333466376261383465333932636134396230366637366234633231346439353533383933
36323966663539366333646666336232333063346135636361316164376236366438633936393735
31326237373837386564373836373162303339313738393562353762663737633537316564653839
62353061353137323435323966393133303963323232396437336637346138356361366561336434
31623036666432316464633938623834653965303966656138653936303966666162363663393033
32653935623732333539303664613333353934656437613438616334353365323964633238303335
33376464643161333064366565313039396536396631363739646263333835306665646235623461
31316134393930326232313737663434323839326563303863313862306562316238336332363263
33363761346566393365623866656461653261373533666661313766633231653866633032323861
30643631306637323639636538663664613432646334373337623834653434623466333437623961
36363532666663383535313039343231316538363662613935663234353661383537616434373130
33373163613031663665323939626438623435396331383761303638633832626362363038346638
37383437653130633530643130666362336539373161353034633065383239656365656564306130
33346361303332386330303936663066346664306430326434366631356635306262666636343566
36333833663064356561646130656438353236346539623435633561363966326566343862373361
30363965643964356534636664343139653265393338656336376338656234373239623333333863
64366637623233633463643037353134353339353131343233646166383437323766323439313665
39613762386465313036623834313261303164393465653834623365323264326333353832353664
30373964666663396636666531393861653837366138666164653831393739316266663832323738
33616133656164313063353537396635336332333339616335613830393963613063303162373932
30626438313737376666316539333262623537323238376530653333613831656538616333346438
34666437653237356530393963316333353538306465646538666532646539303134336530346339
32333631376637383936373532376566323764643436363764366533323233623764333631666162
37316663346630613461663166336363613732613861383965343465616431316336336137353739
39613566666331363636646331616566653664386664313330383061393364663630343934383033
35373961366535633234666662353930333932653961663062653964313439316231636434326364
66336630626334306235373837366131393762643932393438653930623964383735306631653539
63356266316165376466343363323332623437383233653961613431656538363961633365336234
64623138666665326230623233393963323562313634643261636230343963663065623664306534
64653735346362386137663939323163363131643532663230323830316464633337633966323735
33636530666536353838393863613661656564366436373464326563323964323632643436643962
35316362656336613637383461626530633262666430663239366430343265313638306430366636
66383535373061313963616466643166316536626534663564343731636336313463333234303033
31306266376466653132633133323831356238336135656232653063356531653834313662393234
31393632613164353864613833386562396165646330633165356531333132633765653164383239
38353539656663323839353230646663303133636433333833656534643765666631303036383565
32333962613236303665633030643534366539643963353864356162653236353031353162373531
39383939323964366636353636626264396430333064333261613061623961303332393531373130
33623962636131376662646130643430626537393766613764326565346536333064633636313432
34613463383736633739616165623765306136626361376632313862336362626163376336666331
64343837326161383964626536306431333064643134346536346562616537353266663261346537
38666433376164646235303436366338373865613033613063636635643865656237376439663230
32623736316166373834643739616434393038333034356533643964343461383162373435306334
34623033333739363130393938633766653638303132313562323537393039616365633761376562
36313932303032656638623337366237623736663336343063323266333939323139663964646134
31653966666534306439346430343134343035353666376663303365623030633735313035343134
36373234323966633931333562666239313162313730613130656234306234666239396239633231
63656263343363353535396636383238613438303361373836396665333838333834396131656435
66623837616339346562383839386239373061393038343266303831323431616236653435613862
63633639383232386266356334363666336630306665653862343662303065353462633838656130
37396332376234383936373939383332353464616335316265336238663865623836656330633162
32376363383961303765383063646165323562643863633535653131633936663966373935356335
66306464646266336564643638316239656462393665306263656638373235656534383661613931
62646662633835313465363563376332666139663937373930353862306266393536303232396163
37623837616232656437393263616233356336346135643661623132383638363664373461303137
33653435366531356139656532663065643733613936653830663665393939633732613133386135
37303035323538303535663535353862386631323461653233656364363262636430663563663736
32663939336663636636316139396665666163346266333861326231323466333466363965386536
64643436643336666264376465663961623064373466386562626338313332376430373666613632
32643962656337343837376238376538376133616563383738666266363961646535353164303061
64656337636165343432363939653562323765333836336165383631666263646433623864653739
34333837363835623062366239363336613938653334333961303234616134663330356361393433
36363965313634393431366631306466663936303133343562653939393762643333393132393463
31353232616564336138353630653237373861626266366534323566383137663432366532663061
39633834636436663232656237313134396135346439636232613030663931316234393765353535
34356137663561336164306466626432633165383237626536353735653439646534326266366238
64313962366530386665323065663166643064623631646230623438623966303963653532323761
39306462346235363835613734346236666566616666653462356537316533343930346430383366
63326236386535643035373439323035613838363937303939383566323733396233373932343237
37613037313932323363373461326331623039666263663539643431663133363963303336396264
65643134373066326231336166633065323562623633373535326633386563373632396338663533
39656563616533396461363039336131383564396335313932636330633336343366333339643430
66373562646664653633663134363635633534363132363439623664623835343832616362626637
33316532396165626137326662633132306234303561383864316161653864313462393936626566
33363430396637356638636233393437366430336137623635366437363061366530623332373932
66663634656364326232626366626330393639393130653465353735356337653330613663323965
61313962653738306237373632383234393336636664303464376438623139343665623030333434
38363337663564313239386439343261343035363364633036613135313130306336646132353032
32646339336231353230633834323833343835666532396161353833386339306435316133613235
64643538653038636430386439333333646432323834613836643161353732353339646632376534
63316236366136636264636533366234663938623062666632303834346236306136376662633863
64333536333164306634346538306163396132333737613066323539666461666238633766396339
61626535313430323365383765623131623765383533376633383862646134393836383237303532
66666236656262623561373731313731346664363135376661326231373635626339336239386463
32366362346633303061343762636436663862326137623137656465303163663431363666613232
66323064323337306538636435303661656566613966346334623765376134306534613538393261
37636537363861326131643764613933373938366463623661626165346537323235613730356461
63323939653762336466613638333433313536346537363136333834616133646334366137346663
38313330326231663566306139313638646434323630366639633761326234326563643138343435
61623466313635616162346530653635393432343533663434373138663731386535393536323337
39373066323336383266303736376435666439663830616164313431333035373066613030393738
63666633653933303936656661356339383938323938393835646461626163353130666663336366
31313161353533323038653739366663383664343436366162363862663537346436336661386262
30396334373461396233343964636533343261646236363062373830643333393537373034316438
65363036623334323639363961326137653639396461353239376532626430636461656131396639
62313561396339613633316161383532613932383831303564326338643166666436376231643237
31626464353538613062353832313734613465316436353765656661613937326130653436623762
63303663666234623431333832306630653935613434326139366134326666376630343537323230
39646634643165643439336663323739306135666236643331616363626438393434336566326337
61613164633037353263643932626565633365643437316131306161316661366136343762666430
38376432356363303262366632363936376561653734613564663835326130613731313631613232
61626533643533646165323863336433336263343634613863313763653930343938303565396131
31643963663035373630333565383264653436313733363531373538616265653237313365303531
36323864346530623430656164343765353233623634633366356561393863306130326336313430
34656134653235626462633536613662313633343134313338653565653166613964366536373966
39323635663565623131383666353432626262623137303564366465313032616432333265353235
33653064306364666334313434353866653964396532393361323262353634303538343633626263
31613564663864363637393861646566323662336431656239333163653630633764353430656265
31663239346336363238623061613339346161343138323238363461323339323237366539646431
32316136323739363131663738386461643165373333333333313838346364316139323938323837
63653066326130353566623735316236623534376563346234643933366434323766326264376666
63663061663965376135623037633762336435326461373566383661613965363465626665613731
64363639333965316135356662396530346666656432386335626530346232336438363766663733
36663263306231663763633933336533623239656364343139626231646162303565363166633133
64366137313862653031623330326535663935303230363661633838306364663433666132616238
63306534393465316638313161366430333630656265336339333663386331363065623536323763
64666435333936383434316333613030666130666437396664323962383638306436653036313031
34303434623932373532643663376431663636303735343537633835303862386139616335393531
66616565623737386263656661613462636331353837306231666336313936323562656134656633
62653464636535306662313039313163623635313639343436626532373965323262306339353238
35366438303534303732373233613861333234303338616433633862633833373363613536383734
37376330306362363761633533353335376433343065616133623830613866316432353935653831
39616664633839363636393036383931323639643863643564323766653666363537666364306365
34326266316566353438626461323966653165326135386461303539653965653532656166323534
36613038313630333563323431613263323763326336393364383532386637343833353662636464
37336362633566393232303138303836633962366239383437633339393836363237386130636334
35643165646231663937393061313364646237343931613532343461666161383236666534323933
66386663363531386266373838643031613137616331613230656165623339393732383861363539
65326132646363633965616363336232353038346364363264653266363235393365336436353439
32663839353939373964666562376535306632333130613466323465326364363835356639653865
61316335333334656236396134396139616263643537643766303461346664303964656132303163
37663833616261373064313365626337633337383433363361353965303932353264643937396233
64663136303461626662663264303432633865373331336339623935636234643935353166353364
37383037346233653463343961366665393136656665363830373334396138663233346233633138
38333535333336313061363738616538336165353464353038333661373130663233656663636362
33613730343537323335303963363161313032333866363033646664623865636234373031373061
35656535316363613661383633353233356236623635383462323437663730613233643036353239
36663231636131383231306231373464616565646530393466656635346262613235363236623264
62613865396337323265333766336434396465636132666232396637663165303430623633343661
39363730326330353039633139303334366662303936326331666133326432346262326139633161
66303462653562663766386161313237616466653939383933323039396338306133343131316239
32653339343938633432623531313431656233303530666466613835613132373439346632623665
38393034336233376630376465386330656635336638343039396562623566356539336638396630
64633131393166373439633630613862653561326463656236353863633937633735393164643239
32616262376561383366653235623034323034623730303361626463643163353266623832626466
37613534323938306338613465373033643334393066323234363166653463663639343337633066
35336365663765316135323835376665626630393034663339333363393865313561663437636137
62353935633337336263306536376638363534623331666363666330346339393631336361393963
34376666633934343564616363336666333365313135626334343738626166326637663166303231
36643962363437353838653334396334636330636333613430383661333133626139353832656137
38323533653632353731356163336132633335353739323565663532333737623232316536386265
61646562393834386437313361643139373038626439313631663265356439666132663533323239
32386166663664616537656162613965373464333931643331336465353734666139366532663030
38333032326235616333303165663339653161346537616464646662393637666535653431383636
30643331626165333463636566333731316431653839356139636561663863323462616165663138
61386435613432373063623435306332326261326236366365313831363966393065343838396538
66333637613836616333653464313936333731653536653664393363316334643332366661393837
66303461356461336362323666646264613862653439393066656439656438393462633264373163
36343866383030376532303137303764643033613136343763643136643765303134396136646131
39323061303365343133326637393339373834313330616535313965656466383238333936663264
35393333646466666233646136616561323264653130373730643265376635366136633735363838
39323638373038623430386663363137393731363133323964653534656239653165383766633133
30613433303761633465333431383333323038633937323937356334303933346165303830653466
64306463386564303664616439376462363561656235356330323536373266613633616161666565
35303639643834653164383330666432326133376330656631363832376461363436613063386434
30613962353138383861333937666538346235376566323736326562666238653231653233306236
30636639643335393363323931633063646266653338323432373436336530653230303235376633
34616130366137636138663663643462323437303635343766363932643734356138346364653063
62323731396566336431353638623161616638613961613566333066333133633035656136333061
64336463306232303765623833376330626332313037666362363465353266646562663637363536
39376433366265363331653837363330393331633733356530383666616362363034623036356237
37303436383634376663393363356138353931323937353135323134323137373036663135316565
39626361306561636436353934303935373539323430383464663836306436643333383039356334
64333036363538363534633336306264613062643266333536653464633338633965323538653732
39313833303337343830303238386437633564363262306562336364353231323438613334633839
35323938646337313235363362383462653664353434343664313232343033376532353034326162
34643261653062636239313263653437373261366537626264336263373663333263343161656337
32633165316131343035383466303861663363663832646638623132643261666330333038316638
34396538343663656262326531376534366238373038343736636636366637656437666432356639
33323938303831636335366463346139643462393537383434666636666264313435316234326262
64346265393163343163303439383365623363623161376534366630383937636163323563336665
66336435613062373262646535363538356236646131366532656430643665383339363634326630
38383935623231363836333634306635636233663036396634396263666337633864316139393963
32613236346337393933353938313664653734633134333836346666633735333137353565316133
36313665386535633563653330393734313732656631306634363239393631633130656537326330
33313361343163386561306139653361333666333835303336643035626437346536656663326265
36663438313435633263376163313230353336343533636232396362343465643534333164633534
37373564303630373230653735383165623636323938633432393838666539336364633937613135
62303130356338393736663838313762316136636433303537303932393535313136366233663438
66373137383063303863653131373833373965393639356331656234643966376335616162663535
36383139616233653161653465626166623638316433393235636436623966656230303865666431
36636336373237363734303863396462623034343862386136656663306634646132626362656331
34643464373332396435343335303662613833356664326537646136656665373962393133343339
65363138346461393961303439386332636436366666653265613636663263303737313135346634
30366636353333306361383961333330336535643037303663663162326534333261376530373738
34363961643961353361393361303561626433333234356664316435656134366665393063663366
66663461386535343435383661326239373963623130336162313137363161356662653065616235
65353132303462396236306338313263366336653232393562376439346234386437363165313637
63313662326238373861623535363639373833363865306437333132313533393565303331313333
32373334343866623966626137323933303639376562316231363538393732323232356265316366
33636337623063616632323861303634616535626363656465623063326466376261636537333532
35376566373534613164
