$ANSIBLE_VAULT;1.1;AES256
33646231656632643161366338656166386661383435343563333663313734336330313137663835
6339343630363066306331633639636330383835623035390a653336643362333539346665326338
37323266323866326539373139303735626234643766396263633834396132306339363530313535
6637633534353637360a663137333438633331356237643362376239613233353231393962323635
63613939633331363462356333386639363564643338336332656435343934626336333365653637
39353561323138323736613336303761336232386265346234613739316262373531333233343761
66356133626337313932383866326461633366366663613735636263303731656536626462386132
37376536376663303736613331653862653830633165613632313034333439343863353338396264
64633366363235346634303064653761303131313464613834393166333730646536393033343932
38383961393766353432366436383035336439363033363139346664613332656665396139616366
37366363313637643665666463353035663366343530623830646632336366303830376463306230
39663566626361323936323431363061626239373937313361646331666132333938643734326437
65646136663836663464323836316238303031633562623531373664633264393463386638363537
35663763633463316634643063383364626261373634323239383461656664666537616537333230
35353835663762373437633264626566303830656131393835323663396264386634376166323336
64363435363534303234373166643666393064616331343435393038636439376361373534313832
63303436383761323638303139333633306639623332373263646364653536643032346231633164
39613865636133336666643566643133653364386430306533396535653630363733613865633434
33646331666261306466663137316665306638303766303937333137363764353930313338343930
37373638363266316162373038343762383438306631616533663565383862343133616264396132
64373566396662613764616161343962613531656362393063656132356434636635343234303536
30613835633533616133396366316639616364616362633738373866303362323133353234613938
34626262626239343539636234326137666165326333393534663135373161303764343631346634
33363062343637333838626136346538363665343537383138643838616636383763643032663430
38623566366632626435623461623233366439626666346334616365353032343865346466663733
33616230353636316662366666643339623334316163323865343133613439646565333231643935
63623062623132396566373662396239353336666134393031643333663166636139626364363231
36613661336334363536
