$ANSIBLE_VAULT;1.1;AES256
62353531353731306463616162313134333361313737306437336534386638356135393035623464
3064666461346433356239646233346231626565626334610a376363643837623261623537323766
64353033356564306432323839303135616239616533326236373939363766373337626538666334
3035646331393463340a656161343936633662373930383465396438363136326233646664356338
61636466303739633234303833316331623738646233396562323132646133393031613164646534
35623937363231333663356238323938653433366634373037333731363433636339316261643433
37373766653330376465356434323434643839623330656335303436633361306134353938383336
66313762326539313261656164383533383331346531636331326437663062663565313461346664
37656365336431323633633136346163373830303536633066353231326336623337303735343735
63386366313166313866323664373563653437663032383335313237643235633030653464316135
66346365343663323535356138663636623630333664386663616566343530323539643035373930
34363335323034386539616266383566303662306161346436366439313435656530373939623730
39626661663539653538653535633939356435356531646232353737633431343734373162333330
63653066363663346464653763393164363663323562656663396233303037346261383531613430
37633530303536323966613936633262376163646630353864616335633166656231623762386431
65326662343031383664613736626262303762316232653564383064396362336264643737393939
39346630346631303833336333353038396664653566666636396264316137636463343539376230
66363438373132666530303262336664643739346435643165616638656463333536633830326531
30363133623361663761613432323034633736363664613761643034353538383435633866646364
39646438306130396135356230636130623338643731393163313436333064373363313133356530
33336139336136633939666438396661316539386538396162353537616662633832353932653937
61303030663464303832653739666534613763616263383661636366333630333964636439653137
30383435303236656263346666643863353539383537336435623133313063313034333939383966
34366361613130623535383435336565363436373362646338356335356366383134366361613063
64663434646237383234643461646531386466623335333733333036633032326661363537666563
37383063646437633636306265633034663930373532613038616163343464656238303937653934
37626637383066343139303865373066303732663331663735306431333532666431383935316665
65633463366231313033376262323835666139333061396331623531343431303434373165626339
62636638343461646239343835306230636631313037636635633461636262323036366632353561
32616365333736363731353561656563356234666261393566333861663261616336366165613831
35303631653534613834643633666331653539396161316331323062623438396566643330366632
37333130613862376266663836613561373639393565356130353135313832383336353932396464
34386135353738653331356138376439653363333138316264383963313361313533386139386561
30663036643535626362316462333335656433366335393530333835303638363332396161346338
65343366636430663232663134333936313261333232643934366464323265386136313939643930
36653430653232636532363434323337326130363562386138313233313831376231316432336665
37656663376263333562313262376134363163333561323931326263336164373764323230333032
36323232666263643564653130383862613936323266313837306136616361656636323234376239
36623561356363356631353161306531626132653733323064373036636133616138626434636533
39666435633863656133616630626135656332373437333863626431343263663963356230663864
31616539386136303364376537366366323033303933643536373564653030633338336236333963
38306631396235336130373561396439616232616462636363616133646165356337646334336335
65363430303830626238343832376662623865363437396230396563623035623039616266343263
63353131616466306333333839393135336162366562623339316337643338303363343136343561
32396233663339633331343234666665613461616463653466313934626239353433656439373632
37336436333939643465623063336466623962386134646566313233663964383136343234393163
32613464323834656263633562616538393562393465666364353666396265653166303263633361
36373239303538353661326433303062626465663864343461353637663438613064363639333765
64363763343661313764626439653734306234306533656465326238623031363238363831666637
32636565646164373962663235336333396535316632646235346336616330383733643035323130
61323531326562616136346239386632303031386336386139373639356535396332393563383662
36383961363266326331626335383733363730323335303531386466303364363839346362363565
63643035303630313337353663613434646537353339303536643634303139323932303664396164
61376263353038623738643639663531326233643264333431333062366630383263383338373364
33663935366430323465653831393837666461623531393462636639336363636363356361306432
35653436373830316361316236613631353136666336636431343064663366313662663063333332
37386235643865616438376639623739623532363430386330316461323235303139363734353261
38346466313862613338636363323433326165633738666637626537333863356139616166636363
34336539346261363635303961626533373938336661623163643438383965616332633834313933
38366531373130323836336461313665333666616366333165366139376462393635396461653862
37623538623563326438363633376630393435343663376431646639613738376233363765366333
66313063383139393833643461393765323332333239343537303737636364613731343163386239
37633562653130656632626430643166666463613633326461316134653864643538306136393534
31386137626637303861313461326563636532616462373530306132656563363362633762663935
65633030303166636235363165393865613330333162393132636462663332316231323938643865
65653037373631326661303766356632346431326665343761343662373236373331626137313136
37643231333763353930333930623433346661343764343938313763343934663966393835346530
33366165323365363262313861633837393235373438313031383735626566613830663664653236
62656439353738373266616430353633616230306339663666386536323761383438613939306361
33613035323638333865643636633763646331363134356131333164373135326365663037393466
31633030383833313865356130616638663838626137616134343162343834346434636136326330
32626134623062373532343066656462333461366337656361353137376436303534323266393639
61616663356131323133333961373739323732323739663766626261316662396262323134373161
62643765333437353364326230343736306438646164346239633639613336353566373534376263
64653831643936653866663731346161393965316132393331383438306566613162616562376235
63356430656663613932666631306335326139323264643863333234383061323033623765313832
62333337623134613164336561643833333463313932353730656338363530653835333136363734
63616664333765633130333237343135303361366262646638623362653537653036633833303363
31386661313238616361623731636436333537303936653333653865303830613766373463616432
38613937616134373562383033336437323835653733613066353938363231333636643733303266
63646136326564666530336131666264643432363338323135343163623135386132656233616439
66326564363833303039616133346138356161633262333334663635376132633836313830616161
64343137633532313761303236313966633132336138623965323931636265396561336465363637
38643332303534333439323237303638663235396461643238393366363261663836383833636463
30383339653138393139663530623966333539396436646564373064323333396164656336653061
34323437393234646130373630653837303438353637366561373030613834353434356334663635
39666536623563313631336639313164663364356237656163653462306661613664616233643634
32343263363032326435323733343631643163323933663964633335633338623061396435633565
64636263346234616636383231643035353266306330613031326133616532313239303335356336
33623434643763393634656135633565623362623439333739363363346430363437643363313232
31316333313566393663336565393365386334326662343436613931316365643037383130333066
65373964373763356664666235386632383837633333353863316439623330373635393939636133
30343633333633656663323735306331316136386534353161396461343038306435323161376332
31653238363765383266623131366231353338353334633730623166646464613232323330323562
34343837643835343663643436366331633564613762396337336161653366333731383931623239
34636231643966323264343564343735623832643862353833333865333762613334656535623231
62643066383162323261386638363731383864623039316639393333363335356435656634393031
33386262653735333263633437353434643036663833653765316664303162313261383535366433
62373233373466626561333063613937363936646536646339626339336232613664333937363962
35313061363634376630623863306663653339306564646564623863633535646262303566363262
35336233633263656365626231626339373332393636643362616138366438666364346631623031
61663133373662666632343062666235316232326563303537383631643134626531333837633830
62623633343862323835623431616638306330303830633837323863636631393862643563333164
35633433633665653035636363366161373864373563613561613331343433363663343061333362
64323231373864313138326366666661613135373264313539393234356565373461616339623235
64636637653730363038656238353430656132383466306662313961646230633733343033626364
65663239353935656139376337356263313930396330373166613130336639303039373131306463
31666132343030626463366266376563333966646632313934383935623431313837353566333130
63396430643365653831323537313932316137383261666161313765613561656437333365633166
38633338653366306363326531373366383938343134343039313431613839393830376534376432
63386261386333363533656161653638373438366437306662343363363535653636366136323632
66316538393263663039633132663330346536623336643330373662363862616636653939666331
62363537396464663535346430626630656664613864366366613665316237383939653561626661
61376361356164373138646638306466353031373432333036623636323736613562343661653764
30323764346230363435343062336634383030346632363766653962623536616663323835363563
38613232393634373134353666353533623636626636653436313237383733613661663133643866
39393133666665323065376438323961346365393533616237353531386565363565326538383435
33313232623938646235643037323865663137363161613666633637383831323335613934363664
64636639366135376536636266373561376666326236303535373739376563336666336639396536
63326637646662346231363737313962343166353766376631616335316337623138336665663562
39613531366133306431626137633434636261386162643231646337646263326134393434636436
32663437306237666333366331326430393034306461616434336637383835313131366565633464
36633531333538663136396362643634313333663034633131396665336666613333386135376530
37356561373438386663643464636438303262346163393964393439643034636661373930663130
61363536373266356539343566663533656332343636643638343639363462306135383438316164
37373532663930653661386331663938653839353631666333323038643638363032643436303465
64336233383033383635653936613539373264666266343363326536623534386434396631396430
61383663376232646533376161383963613935666637363934353665373963313363613233323635
31653863373461336263623032383835613838396533396363656639356631393665376135336231
34616238386534353161313662393639326532646530376230663139613265313365326236363465
32626361306639373538366231376539346562306264363432303537336661376336356232623962
34346132383761363831306662303739653037313965626561366136376530643963313339383934
39373930633866393435353266333934303534366463653035653433626564663737393766353133
61646139323163393562343733383632323461346535313764623961303632646461623965303030
33616431633132646265323535313730616564343133333932656230663239383564636330663362
63633036633137623831376662356338623562643939333732653337396361393535366138653738
62393963396564373566323362396337363732353832633038363234326633363436303962353866
33643333653236393962393738643336383338313363333164626261323835353630346530383232
62333565343432663436656461646166646565386130633333313863363132643763393031333539
32323434386663313033336563623130326564653266353865333662623961313737323432376562
30396435616637623438356335323237356330663331613661623464623466643031336434333430
32363830386631336465393337396138303062396337333531323363323762393965383966656465
33643464653939663632323837663437623631643036393334303262316136646665373333393766
39623133666535393435376262346166346532616237326535356337653762633264333132363437
38323464333762626536396138633839386466346535643864303237346465303465643330303734
66313438323061333661333833616136626136396230393462333938376632313264666662326536
66313136346133333930346266656461666137373936643264343833366236336531356238373834
63393462343237646134306639313239306338333733336363343465666532373535373933353139
31623038353832646666303066346333303432626335636665613864366662623236643738313834
63366437316566643536663766623037386139343032616139613833336465343238373935326536
37663966386233323632336139633234646265363836343637373363326137663738343961646163
65336438643032383839353535653835303134393762393233363237376234326339353235656463
65316530316531343961303062613132653266343361366531363461383235663330633037363232
39313630326362313033353433363464333836333034323465623565376130653533646561316134
38636333643966356534323466353966313538666232343934346563343362626439323466376362
34613761636435616337383735326336333736666164316264616530326635616432333131363263
37643137646464646537646231326666666336346664643932393438326438353533656136653965
33653832336133613066626632306165653533363639336230303735366461386466613430393635
64613865366365306165616637353833333331363435623666616165303338313336646137306561
66313363333330353734646266383633303961643263383963646466383963333436393366333737
64633433383335643831376636666636373366633566316566333530643161613939363730613731
32616663633138353130356133613663346531643962353135633331313733643631376264333436
38646636626162613232393736336362333462643232383638666437656438663166396363366639
32366338323031623630663266653533393931633765333161393563633331386137313065643461
36306263343730616634633233313934623261336330663861353561666332653038333561386235
34623962633331393036303837303761303361396231663336393066336634323836306664376536
39333631323531383737343166353937323039663165306434323437653864643635646436313166
63613036333964383834336431616134616530306462383232303537333231363861643834303461
37616430316362343932386266363634333931343265333166396435616133386364346365383061
37643135396433333036663064653232373638353839643662313536373039343234323933336635
63326538626132323736373966346563616566393134323933343663396364343135623766383236
66336463323563313238303763663366613862323063396635323261636339663861306638366230
36623733636436373662353530386633643231303462396330393735386364316332
