$ANSIBLE_VAULT;1.1;AES256
38333261623632336363383036333238353039626366383030646535363665353932383234353334
3435663866393637313234643765663830356133373639660a653931336339373961313036333135
32383733653032326130656266646134323335643864616461656431353733613462663061353632
3139373235623864300a336364383739343835303365326638383334643633363065616136343036
64663766663066633862333033663231373636343763643231353035373432633661326364336233
38386231386539353332633630303461346162643266616564616134326462373761333339353734
36316239313035323434383864643162323365393633336438316331376538303033386136623932
31373861386534353062356639383465623165343030333631396263626538386438616434313662
66626136336636656130333734656662393064623766316666396466306165313262626663346630
61313566343333336361666166626335373633326531343061346332616335353931653634356233
65383132643536373764646466313362386166353663656638653139333963616238343739633933
65656564626365613832363463333430643733303737336337366465663861633837306539626531
61383733636132336565653638656631653638346564306639643138643131613366393431336365
38316534363233313933393863363361326637336638333730666139306332313033393264313461
34346261633261666133633566313862613239613636333636343532613838346432383964383832
30333766383866663432623662366164616439353765383566353833343862376339346334386236
30626336636665666532343639626537393432366265373733383264653762366237353563653530
39313635386662343763343361653830393435613339393161623935613965333330343263303633
38616563636637383563383663313633376663333039336138333436303730636565653331396132
37303132363466643135316535356132363034363465333863663735626365643235396637663866
31643339643263366331323333646466373166623061346338376237643830373439383732333063
31633339373166383964356538633661323730643430333564353431316236306161323039393230
38343032363037356435613063663032306336636365366363663061623062386234393337393639
64643661363830663363396166663136386331366630646162366133633263336262336531356437
62313136363834393438356361313639616332356332613335306535613832393734393561363432
31343431653433373936666137363366383335663662326661326161353738356162663938626138
39643433616635346164616365643366666666353264663636643862663033623734306661363236
32303635653134376165336436666131373764323565666138396464383736376565646630376534
30306639663336386633366163363537643661373032366135653266346333313366376466656439
31396235613366613261373761326632613032616538343135343337646266376336386233626361
62636239326565646462313566396531393136313837613361333237663531343131636664373936
38666564643961353964383233616365303930626361643237323832323262333365366365326465
34366662323338633162303132323937343331323135616435666533386336343138306466376662
33393638356438643765623030613436393434623932303636303861633863303434626133333432
36643463336335383935333838623538316462363165353834396565393233623833613738646139
62626432623635656234353937653165353861616232303063373339323464373035336633633238
61616461353666383866393239306665316637373433346437396264346562303062373037383362
32306439356333336133633138303739366162623364316663313266383832363432396535386137
62393662633163396565626165623339333636373131333731343762353863353961643235363934
34356432313831623564373962653565383734613066323064613739636231333832626530333762
38343232656536336563636130643037303233666233666239303838666134626334626435303036
32303036623335633266633365356438363730643231366538643539363061343236343066346330
33396133373031643330326461386133363632666466316264343738663634383231623038616566
31303231383663326666303161626530346663636361303330363534633761356132333132323934
37303834643766396365326631323162346362376162326635323963323530356332323232373931
37346330393236613738316135303930376435306538306262616436326263323361346133613830
32666235626537303530663330356162383138613765653061613938396264646166373063313032
62343438393162333531363533383165353436356434383831616461616336306138303537333865
61366462653061653838646162366336373533353231356638326533363562316464343038306536
31366338643634653230666361333561356633313838396635666562613863386136633731636332
66643139396534346663313235653965396665313432343464663034663039366238366366396566
38376666363063656336633437376265376238303365623638353162356234313263376334336661
30313430386364656633376562376161613234393038636435353534373863663039643735343836
36306465343138626662376330336234336362313131346639626462316234653164363533393130
65343537386338396433613930326531303561346637336230303362643962626236616530396465
62333861366139303132626334353465653663666231393237353362663737306238393066633833
31663731316162386133396531326430343539366362646534326464653035666262393237616530
65386139656337653039663566313836306231363065623330396466343937363937613637323338
63353638346662333662613961613562646637373664373662616130373661616366643064333065
31346238306632343030363366343836626131616539343963326531613362376237643863653431
38303463323363393737353438383966623863313462636666343366643138336165366364653661
31336664363031633339306461653836376236613533633563366362363936636636363832386661
65316535393632336237326230653462366231663262323766656636333766343262333636373165
30636162343264663665393265306432333532626530376331613662373234663138383434356364
36313530626533306332663962643936393165343365643539643565323266613632343336636238
39623738666236396264666635353930353932343037316166376335616236363765613430353761
62383830663338306565313562333237336665613765336438643131316661643932393630346166
38663635663038303734663531313865396534313832373932323731373638656638373563333763
33316366326635366563393966383866633762633734393239666434383664613465343534323933
31336462326165613864363264633233356439636637633264383636663562353835366639663736
30323064313839623063346438326662383937363936613333306261393535326631646532346138
63616264613634373265626234356537366564393534373338333131353065336231646465363266
38373236626364343033353836613231306534663531376539653230303835353935336565386365
37333436623236663461643262316638653438646438313464363762363339306238633937313234
61343134626232383239613333373634323739323165386231623330613964626138643133383436
32373062303437386635636237396231616663366366323261333639636631663162656334623139
62313338336464613830343230363332633333353137326236373634666661633661666234383232
38303666313235396335353866386530366530396166366366366532343039303837666566383464
64666539623764643836346662363331386162616235393864363037376537383361346365396235
39346430393261306531613632373963663261353162636166363636613362353130336237383238
64353538336539386339343633646430646330623438376535336433386330313936653433373134
31633639383234646236396430666434346261626263666430643862663263353830666430393964
36663931643431303038393636333330353764653433353931323034363937633434326563353665
38656333336563323665303038306661373263636634303234373864643835626263653037623432
31653664626138363064356536333635396165616430663165653039646633646438646337336335
33623731363337326633643963303335373363373065323133386430323664336230316264313266
64303433333632643361393036363131623362623735373662343031303061663265396235353863
33326339623961363630386234656166303766336137636334383163623435383733663332643736
34353763356136383365653861313565366564646238636636636430336139613363353066623563
62613665333934323465323665616230303862623033313533316538633463346436383961336561
30373932376334366535386139613963363935373737633834333930366531376231343034373139
39333532616662666461313165323830316336386436336232333332396235396232656432613132
65303232653766323233323431613562323732336535386137356563343738323132366238353634
62396461333434643266323435383964646461393564323635613965646264636432376366343135
36386232353335376464666130326130613263343037313964306262393761666263653663376264
36336464343435326662666263306363323736666134646230356465373632363131376133643932
32656636616463663932636132623535653365333665393636656330633532316462613531623663
33623936623739666133663762343435306537353436323661303063666565633462353836383734
39383931313566376130373562396330343633353336366333393531663535313936393462303064
66323364303739343931623866346536346438376338653066346163373033363339633362643034
35643835643066316163646339393265373730393461613565643935636561336363653465356130
32393563353164383034386363393138616566386134643161326533336362316466326331346465
31393663623561356130386337323662623364636361306337663438336661653230336632643138
64643565333239643366633562363334386461656337616533326464626630363037376564356132
33376339643963373536383465373130376336653235356337316337373033623235323463353066
62333139663663366636353037386638623137643839613633636362306262326665613464623934
66303832306631663337376332326664353934366339326165656632313833323635336366323361
63343236313336323061306332316134656437333733316133326462346138383264633561393834
38343236376131333766346334303934396565343962666530643637373832303636663638646635
66363832343331656537343732666232316130656563326635336164376333313530646338373564
64316231306235393339333732376339306635303036373464303130376235393061376231373932
65643635376164323331323939653534626236346136363230336331663230333334646233366336
32616661646133333262366337666531613530626434386264613238306430643762636531666261
30656531353337326238376434303663633235613733363164363032663939666361633835663735
38623938643062373062623037653163646531326432643339616639363131346665633561643336
63623237623732353538646263396162356533333866613330643137303530316666323061313865
33646232333236303862656136633331663632613863336138393033376636323566383630653732
39376631613033623163376431376363613132333231393532313831353964363163633236393261
35626335666666326662333839623339636565343735623039666163376166613538323762653436
39633664366163323833613863393031643537343062623462386533383161316462386536623731
30386364353765306131396130653834663835316662636333316331626236653362386261353039
34316232663338386332663935306263373232613461393431616636363332383635373965616439
31343165313939366662353164653564346461633262346635306266346363636234363236306532
33313133373339316131613839613231656232303638616562613837333566626462386537366163
37333532376362653131303233653130626331366534656162373430316466663935613632373465
65356563313761313533663530313437303761376361356134363034323366613563616361653136
62333334303465643939356138383632336466613338343061666564393364303464396466666434
35383935636337343765383933663231643439353537613730396237613933653865656561396536
33353636396139363161313637306262656639383533303561333531313563643765336531653666
62376166333366363734383135303038333334386533313964613661633236373962623964366335
62396562393465666438323533666162316233346561626336643463643233363766313865646135
35643966633035326166336230333233343134646531356265396332333864363033386538656130
35346534373333616165666466346164666233313832373338316434386264613836336636376330
36613863323236656466633335383739623638323130356137646638313963336366646535393661
39613466613738353935303262383335333031363336343932336332633064376563366265616664
33393632663330386361646463373638653430303537646161643832623837656665613034336264
34373664666462656437373835386233666631373037393532336365383432636362633536326162
62363333356336613131323530643330383238363534626135613164363565386365643331363963
31333632326661626431646561633836393833323539656164613661636563636561643364653438
64356239666532663030613338653635363335656138643262363561653934653063313433303633
33386235383161346234316335653561323665373539373032393564373532343464663365373166
35623133376132313830316630383231343136616531343364643030306233363232616136626466
37393939623763386236363931666131613564323030316464333139393436646436356661333235
37663337623861623630666137613737373834376232336566333439316436643838326234366333
63643337383734613564343835336338303333393935353264333935666161373430383862376133
39633665633731653236356263383765343462383738646164636135666433663363396366396262
39666238396364376662656238313937633934363966383038663236626663343930303664613837
64363134343536633433646435333238643733626233343333373265303862633333383633383466
31343030333138353938666630303331653566626438613333323562653338316231356561396435
38626133666132313335386130343130346461353166323933303136653335313665633463303864
31656334313836383265343361383030623664636566613561383365376632613936336362393264
65363134386433343338633637373733656661373234323035386133633662376131653737613763
38363934633035383432313764343763316265393934343164623931333063666437393262303762
33393331386566646438383631623134356164383361663933326361653433373630393966306439
34313438636364393863663639353561633662353662656433393130303230336137646165633838
30323566373963646532303738323265343732643566653163633937656133636230366563666330
36393366656336363064386439356236613631653934303730316631316363356330633233636663
35393631353466373836626337306461353337386465613466306163363333333565343531353934
62333061616636643364353763366630376639626237366134616431343066393166396635643030
32376366333832656562663766303436313532656666396666363334623461383830333863663432
39326463313462313263353165616235353034643261366535653362643566363239653964323535
36323836323738353235663865633465633764326431653566643034656130653631393661623465
62623161323833376338653232636464303830633465643936393763626330633966643164363838
63653139363237656539343863386338613363366438666431616633653565333634666533306231
35343961656162386435333334636134326134633938663434323965343163646637313963356333
31623435333165393930656634643936373531626163323135376632663534343931356531363263
61613433646533313865353539363062623564643263393630323961383266353863383838303336
38346265633334306535616532623561363765326338393463636166393234373966336137643433
65396264303264306539366331306539306136333537383161343138663739643638313538336136
64326566343939636439626333366431303864333033653232656564373930663638306362386362
38316335653238383861323736623133376632623432326335666163316163396636663035613735
38316662393030633561633833336336633933663465616432623162346331333265373134386330
64323436343538343031616331323538653237363039656138653336643230653566
