$ANSIBLE_VAULT;1.1;AES256
31613765353463623063333963333364323232613763633536663136313336386565303133633864
3566366630366162313661636466323333323639656163660a663765653139626532333432366238
38383637373062643030316232653763633430653932353831363335333563396531633362383537
3238353365363033310a393436303034636639346666666634653938393966376634643134623231
30336463343739373962316330613036333538326166303463346465656136656630313265623736
38373462366565663936616661323962613139353931666562323734366635343362366232343837
39663738656435353339363735353935333363353961336432303661613831616563373132363831
35393261363036346238313930353661383533656630623837623035306431323461656336366433
38363261366534623861353039373663616661616466613166356564383731353138356439636264
35306635313031323933656262366536636163626536383837313862336361653264326331373334
61333866326339326638383866336231393035313333613039363132333264393037623938386237
32363536616634666135326230663863316633353830613032313063333438383533656338343732
66663961343839373839633939346566393536653138653431613331636633346162396264666466
64343464616134343361323461613366633733366136366434396232356538333866366662656266
38366137643633636237616535303230363438396438373661363765323366663034306361366238
37356265376637353162653663666132376464313563633835326334303266663839616438333663
65363339326632663934633530636234323339343635323966333662353438373734663963303165
37323930326634323830663837353561653333336137646632653133303061336538626335643339
33616136613161666464336263643234646430623635336634303137303234623537633538306563
37363537383931616563353131323030303932303136666134633066376539383932643261376536
39303566333534363135643434376362353862343434363338656164613232623461643262626663
33613765306433383863343364663664363439626336386464653438663539396437623932353334
31643537633635376233353538313262633162666336346331613266316334376562643363343466
37383365366131386135373533323030326434373236326638336266323463373062613031346333
38303863323239303632366261383030666230663264623163643561613036643839393637356434
61633833356538383839633139316631343233376234343934343263323939663134643739353039
66316634336131646663323662343839623831666666383937326637336539663963646536363966
65636337313638353338616365356434646465663838303038303839323961636665323234613832
61636232383939383561633736656261653366386331336638623435393634326636353239656664
30333839353036353131396565316232656364633439393037353436326363636538376461313363
32623235636432386339623461643337633963646534663766323864663266623565343835616638
39653263326631326139353933656663386239613861386434643835323135653033653763323134
39616366393866366233306262666137336539366664653934306461626565643837316265613635
35356339626664326635383332396432306666346334393565333737393136343034623231386539
63343564383432636163313638373063663863383037303366343361663837356133633734326535
61356234366134333663346633343364656264333664643532393463623534633632343939663330
36326265376530396238346166373661366636333836306633393638363661323739313337613963
35343339663536616638306362333333373439643138663165333765343330383361343865666461
31356163316230633762316565663538366161333564636630646466386236383436646464333938
62633937623463346665363831616535643665663931616234386337363165653032326462653935
36393338396533643034373263326532393231383534356436313962306239373832636463653065
34383039303039376436643036613538633636386236636338393164333032363736656464613936
34383439623139373331396666373064646266643661303866643839303664346430323735633530
31623436383330373939
