$ANSIBLE_VAULT;1.1;AES256
61663161383731346361373239663035353763663231373266316532383339376139326663323838
3339346465356465343662353536353631616262363362330a616638303732313930663832313836
64663535613137363132383832363530326663616364643230363261316465373032666135333362
6263346564636536650a643234313463613639306235346534656133373532313236626361333633
61626230633232383634366336633862636361656231363435643439306332613466373963383834
33636366393235363738333435623933663734613563383338646565303233613661396633376266
30653233373038373430323930323131313334383432356634353939356233613963643066623134
33623262303365323466636166396330326138663539663038613965613035623332636266313464
34613431303530653433656332613338646439626234666662353165336434383832613938333732
61643862383361386133303832613038383164313432623064313937383930356164383632323761
37643062353632333030656331333333643232646335343263386364643130356566366538396230
32356664356337373731336161633461326661356434663835386538643362623838303338363639
31653765313932656364396662373964306431366535363262343666613033616564626264373361
64383364393564653935613764633666663435313530636561343539633161343665373230633331
39333730336230353966366366333765376535663962643431323136386333666161663235653336
30306532383034313732326130356335333738616635633364313561396266646338653536616637
30376165656135663464663438643066353362343731363663303136653738363937383633663465
36343162343539646532623266366233653362643861663063646130333963383334336332613438
66363737646136363165323132303661626538636664663335633865343361613863613564663130
33333163663030363834363566376163343262646339356232666637393163393231643039633837
36313937313831343134393363383931316238326166386366363033343531316338303361336532
66353438626363643764346233363032666666343465386364313630633265386466363834386539
32343032613432343234636239656135353137633464373732306639303562366264336438656263
30316532656432306230326637356333316638323234353137363135306665383439393935363032
32633731333936306362336562633437613537366131613532323664643437333434343537386438
65353231333932346464373264643364383863666138346361366462663033626338326364376334
65353465363163373838646630633935363264393833396231343538393734303138346437643438
35386335373235393062623331633865616134336434356632613465623038366630333137353864
30346263373934643032363463633332613465306434303833633365396639383035336138653136
36643436623237333937313062383438663638393936323436633464336337636162386637343232
39316539386539666435376135633634626665366432666665346332666531353062663439333637
36643266346439363639623931646161643435366365613038376239306263373964626137303462
37356465386563626434303237656464613235656562653235323336343231633664656435353461
64613863303262653734633864306536356135336238336266646235663464356237623766653930
36396338376339393534396532306561653539313362393635663563393234376662316131393963
32643635386563303739386639363261363331303565393137363363613538356362393236376562
37323562623430376538373865363163356338653839363831633363356436363463666434386431
37663665356633623630303161383366333031306437323530373032303038383463346338353166
32383339383230636537393031376531636466313761306133393161646433643733356335386435
34636438613564383032646266326539346434366530353265343239363737316366343265646133
65303063613265313964316366643139343130323631633966653331396235383436643063653030
65376635333234333966613966383164366330363437376630353039653635663661303735633237
35346234663636366463656237373733316266353433393366656435313237343161313238653139
62653136616336613338383234616637643636376634343937383133303739623935396635303661
37393535306562616230373632313565343266333237613165303261313738623335353433313265
37336664653534643336653333303432323435333564386535656239346561376463613936613036
31303666616633363830303738366233653861386263333665653762623961616433346537623139
65626139663134383362663063313062656231333732303837623364663930626264343435666565
36383039383065306662643763383536623866343835323336303863616332346631653436623230
63643732663664333031636534346365386566633738356239383031313037653834386363663038
32363337396236313965663163373130326164613637366236393866336538643838656361663238
61656635343038396537366438383935383630383535363166353561313437326466383336313332
34623165636537363264386664613933303231663465386230646562636332336465393839313565
65393163666435633032366463623964336430373637356366636435333565636163623439616661
31623762663638653534613834633237653735306163373034653039633764323134353365663231
37623936353239663139646162616639363361623466386165646631333331313332383463633033
36343334643464353239313038393261333366653231313061666534663830376562626339386231
34306639663665666465336536353966366463326331346235666432336635623030336236366639
36643733373866363566313561646534363466356237313536303430393231393338343830626331
30313038306366373039343937326635663737343437656466313662333262643733323163313037
37363963626466306339663839626133316133396636666531353630383837363065363564353630
36626361616138396461386632336133306566373465316533663538343061353239623939383135
66323930386534313731353236353838663764326161646663616436366637663562623262373164
34616562386136353030373764666335396239363239356161343330313864643133646633303731
61306331356461303236343862653637396638393539303537376631326231613136323362313531
62633063643733363462353063353038636163663666306631353364663136356331386437376161
62633735396238376531633263363939316436393938376537323633396566653735636362363334
36663535333430666164383638616438333664643261386334636164363066616163636133396533
36393766323131316636376339663132616135616432343736666636653139326461363534323061
32373665616465333962343339336537663831313263323061616664313864303964653333306230
34363439313530333836633839653161626435626262663065613261333865626362663366373736
34386335663530316135323530633339626135316434336534353665313037333234353432613937
33396630343366313237633063643464316432383230613334303433363036656532353930363330
61633930646437623931626466353863343736653831336433646336646433306461336430393166
65353536343834323265303433396431396131313539636330643165353637393662373833613138
37356335633139303461626537663964346661306239343038353462383331346433306630366466
32613466313739386235366561323838353832653662666337393365303633303637623864306261
62336137346334366332393662323336326462366536626361663961376466613134633664386534
63333831383761633438323464396238643637643239316439396236313134333939656265626338
39653735383862313337363465316635616430663765313866666265373361303230303635313062
35393163346162323237636562343835326163613734313064336664326363643634643963616330
35616637383932613831653332666166666533636361336265653164343932646631623433633737
64626161333065313264373934666431393936323136653233323930346134633361353132613731
32663562353264666562613661613936386336323335653365303434326265353138333465643366
38656531633530353662393536346535396562633832643339386135336233393739316635363237
63356433306437653034663538373966376565616461623630326338333761383632303164623463
33623362326664373439613061353033663663646635626535363763323635633463613661623530
30333532343065656135656662623036373562323631626531633363376531313662316139393832
35323832623565656364386433666131373765626130633562393766396331336537636537316539
31393164623435306662316361643062376465613938333932613331666562303538343431623662
61316230336337363734376438376664316435386337646431353638623733366337626238353632
38356266303635656231383032366634303737636637646138353564633661353161376334376437
63353061336334316436353063396265653633336535643532363431626333663964343066366436
64366366656331653438386430363333376561323163373833333366343463343234386565336233
32656235326531303364653361653137363262353964613031376439346563616336623237333331
34376131313764666136306664396430623331663735366463383566373963643563363133623232
39366137383466373464666635653464313636313635393963396539623462356338306661623663
61326662663062386134343264613861343536666166633664633964383762393061353963396631
61616332323563333636306466306164366534623265626532376537333364653165666365653462
63386238646664393564313035316130303764373335336231663239636337333232666430376563
66626139336232383938336161306661643061306463333936303332663433353062636265633932
61366537393531653265386231666361353462613230323161383937346534336566656237666435
36653438656130333539666664393536326335643733643731303630393664636535623236613230
34303062356165613833396431366533613231653763306361383439623338653135663838336564
30616532366330303436376436356538346263363036653038373566313334366163336366386437
30353030353865623764316432346631346334323630366139643166633562313865643162373636
32626161393734376139653132383137333636393739313332626234343636336435373030373066
31303334303433663961353534306466383638656130323964333763616136666137353432383634
63643866623036653636313930383033646662636234363338396463383336616664306436303130
36316366643034373535656264646366666166353338363362646534383233663565333862353939
35393932356433316236343530363732336664626138356663663439373039613666653637383863
30313433313362373739306437326635356139383330633334653334643535623133303837666233
62346431626132653062393066613062393663363332656234333761356166343866643562353266
32323236353063353135663133306131643535626538396134356466333766343736666238663530
36643165383038623264613837613838663430303236353133666136306539636665303966333631
63336632383633366238646538353739313335643634666566303436303336356264643163356533
38623063313335336661663663383361306431383733386438343738316632396539653062636565
63373432393162666563393064383631343230653330313561656565313733656664663234356162
65616664396232663565613363356161343063653061373435663463346563666662666436383936
32653263646330363532356661333564656565653632383039383939646161643732623831386631
62316336666637326464396561653631333930613130313935663063393838383436346630323530
34613334383338363539353364616432656633303734353566323565373834363861383137363831
61623331666265653135663137376566323133613165623335383932646561366663303465393962
34336361383430613062333131393263356637303161383235636266373334343965643334313632
62356264373762323862663437376631393633636261626365396637326137663437623261383936
33356164323738343463613831663066363838396433333237343436333330626462363636646162
61616332666561323664373530386434643338623536303730313666303766646466393439316665
63373439313638663462333831643535333938633233623963616632653663303130333937343638
64366561326330303338396336333165653064633063643236613866623533393037393466303931
35313931623337393336333761346238396136353835636564623765646236333939366537393737
63633334633039653565356137613835643863623866653435373564633762663431316138306231
35663766353232646564646334613830636161343664383635363033313436643935363166613461
61613738313061666434663531656436356634643632666166636233303039376233656137313339
63643638346433386663303938303439613434656266363733376539383031653563323239633932
30356238346532323766383630366166303239373231666230363131303332666331643330613131
61386639366234646437313166643830303937386166363362386338636161663134383265336661
62386230303264663430363037626631363132373830323938626333366666326234633734623735
66326432346165323330653866323336373666326536366531306631323330663761633936656665
39303463333236363235333531356463323436383633386137393662326534633037633734353831
31653837316235363136346233643634643663306633336639613339323935643132326232363264
61386466393831633562383366353865326534323264636161623636643431343038386339646165
62373662393939363630623139653930326666626165356133376361653437353166393434346334
31663238663965306636316661393464333137613339626634343035656334633437656136323233
35363936316138363637613466303938353261373137323761643662646333323039343038373462
38613639653137376264643531633838636237346138343633393336313464663834623132353762
38666636336262343061363962663563316331363835636239383632333863316537366334613337
38303334633431643739646530376332633063303636323639376465363034326561613631366232
32393164356464643838323031323266356432323237396265613539623465333764653164623938
62333538343933623162346139663334383432393036626230363537666337363137356239356134
63393963336634326332303530353835333065383661376531396436373137636364303139393031
35623038396135346238653066376561346264313135366539336236386430316331356231343434
34316365626162323362313463303563316239643865616238376230393839303632363739656466
36363665306332366464373564323838633938366563303136623938316630373638656364636264
66366130386434373538386337666332336561333335346161653638326330613239303565373836
65373963313932376165396362633764303163623832303036653537353465313661346236653039
38633930356637306432396262353036643033363732613063386530393733623466353237323635
64393966643363333835623330323933353662663236623965623266393137346631633563626561
38663330613539383331336261666465616332343063376362653039636637646365323533326566
65336562623934363765633963663638383435316331376139343431396430383130663039343866
37663933383331393839356339663732616666313730356363346565353238366531383564373164
62336233313137313363306630373636643333313938643539393936336231323632346538303431
34663866356637353664383862313962613963393533346137343838653237346431306435363238
39653632306638663265353861393434326666373336306232326232343039303130326530386535
34326335643737303634323165316164666333663331656233623938623666326132653537333037
36343334316666363030633534363134383936353831346630653265623465633665356661343036
37343537383539613666363766376336643331653535323035383265363163373038656265376337
34643935363237656632613337346162653462333732343630666133366538653064346533333136
66336239656663393361333865383065326436626538643730626663393661303862626137663765
33363365303136326537623933643364653635646534623133323861306639626363333665383237
38626133646662343139376431633361303834643861653362386364616538663562383930653465
34353765313461343863373465613836653632313762346462636331303663656334353630666161
33613265376337333666363634316565643463656663353734316335663830386631376432313531
66353838313030356534636362323633643438633831663265666463363933613539396633323136
35353638653337323163616164356438333136653837616465326631396264343032353461653538
36653237613532663061396333653261393130316330316239313034636430636230633238323033
39346539383135303437643031616630613530666332376265333236326662376336656361383665
63333233633735393261376465323461373830626436303335626265306632353766336562383634
37346639613363393762623430663834623032633666616539373763313731366461313533383837
63646136336166343765343166656630393935366136323236396538333161633134663430313830
33303262313234396237613035343539653534616135653334326131656362323033623330313333
37646261316363323661343531353534653539353765616665646137623338623631326438343036
34393465356165613335343335313535303539346633663664316464353362346130646162346636
39313237326233363934306165373964316361366336306261623330613163313664646239663739
61393733613333613432373038636434653137356336363164383933656463373166386163623133
38326531616165613438303865643362663966306366633664633462316163636534303132313265
36353032353937666363326336306434633234386332353431653030666561363737326137643938
36656264343963376361626533396432373738316331633761396534326234323866303136653330
36636266306536626238636630303539643662643863316262613663656538623734623131363736
65636534343530393535326331363239326563623838383266356236643365353830373636626536
65313931343637393631386562343239356634333932633238623164336131396336393930643662
62363566363834326235643134623063643865643938616238623032333038613038303032613062
31656331316561623365643830656564363739353231303264663533333538333137393839633930
37313834386135353964376637323733393562633466313035393737636466646230303037376337
65613166373539303665316264386235393435383930336136643836643533373736353732353962
32393638613337613931396435303532666663396666626534326464373536633365336566656636
39396530303033346164656430323062666434643535376330666230313934396461396666396462
30363935353164333561376438333338303838376231363866623439623762306363353964376366
32653530363266373965336364386337343561303963386431356237393964656663366231363834
32323538386530616665636263383630356233303638303133323531653164306261626533356631
61666634303730353264666365343038646461393536313239346364363963333032663430303032
34636533623933633366363733343164656334316161326363326236663264643038623138366333
35363738373663373433343765356562383262643932353763393834353239626161333939313030
62393638306338383136313131653536376562376539626231646263303530613465336534316534
31633430316235313336303738663461626566396266383939653139303834633565343663366438
39393739336334333263633030396265633131323130383366663639313461656661343032626332
33303136346261613032613663636535663536613065396330336365313134633230303337353233
37373462376165303963363230386432356130303336656333666335643932323830363136623063
35656135303565333331333632616463396330316462323332366136323464613836393363383537
63633433646364623937643966616539623763653635323663313232396538333731626439303965
62633063626463643463643762313666653433633234663361636434376266366264666261663933
65303665623931306664313337366265623566323435383538373836373638386665616363636335
31383537396662333565666630646133633130333465393164386132353733613131346361336337
34333535383166323562633264346165643465323138336432373766646136613433326637623631
61383533366535623161323637376539383732333432643463633063306639396537396131616463
64653532343739636133313861316435323731383336303236323466643364346237396165316534
35623465643761353161386530353362333365336366393837336430323838366337616638353031
39383735313661376538646639663430623739663836336638396336383263653936316134363962
62363636326163623936653666666437663866316135636538623839653731356463346565366337
31366139303430336666373062396236646433353038646263313762646630393765313366643638
33363335636636623436313731646565623362613230376263613565353630613539353066616364
35346462336131363831356537323339363464366364646535396236626138633037386337366135
63376536626531346566616632646431353738633863643265323132346262613965653833346139
39343265356638393661623962656237363761323537643738613632623830333430653762343062
66636533356465306538663433393034656337343337613664336535316363333035323263633739
31393430623532323164653631636531366236623863313863376362656631316230303765316638
36626630366237663038353437643961393432373761616235623562653166333836653337393734
33656164656238653033643963633139653732346639353637306634653530653766663334373963
65306539393930313163333039303461373134313963393763396564656530323064623432613434
33306363363739333338656535386132643833363663653630646661306261396138356364326535
35353632656465343335633861336566666263383262666538613663353437343436613664303130
36373039336331326539363932376562363030613030343538623365353766373464626263343134
64613037366265643031303266656237376336616331313063373763336339303839653033383638
62303630383531333566346364653838303735623362393366376337653938313037333232326434
35343138643561313366616334306534613530636238303238323465386438343231313466373735
38663830663737393661313765313633656438663433316663623061346663616338313861393664
39366233326333336363333763343266383734396631316336613538613963656664643730323464
39663130333031623331323036663930356330663339353666316533643931366364613336643531
37643332613065323166343062323330636139373337376439376330613136383362643866653833
62346330373461366165613162376233323030363161303537313662366630313330623838353332
36653435396333336538386332356665643130613339616432646638333565366261376636373463
38333664316264643833303936316130363366333638326464383631313936343762626633663535
62353334363837366363646461303731613866383137343233303936323839613732663432343833
64323230346466386535326134393231303739326535346137633065666636373839373738636130
31343135623231666166666363646265373134393265346337616437643161356432333533643335
32643433666238633762626638646362616164353261396635333261626265643765326238333335
63313565313338663266343337623161326562663839653737356637393939363131306434626562
35306631636539356131346631333335383766323964356164323335396661643339656533373163
35653532343236333330383938626661613030646163656138346564333861336336393266343131
36326661616666396166376265623661363536323636336539616437623935663430643965663838
62653233653862653764336139393735316137616561343437663165626362353531306163343032
66663131663066643439393537373135303739646166306537386530633837393734656431313134
62306263333331353039333063316534393634616166303830303738383161396462653863336132
37613234643063353063646133353731616430333531616437636631663138333166393632346134
37623237363864386131316264376364636432336264626264313265373132303435633735396632
39656633363262353734623733386364653036356265623734353934386266646234326262653266
61303637613264343033333365313539346465356664623836343962396231373038616231376436
33353236343139393966313562356661333861626330393662663437643539643464326639383035
30653165383531653439323537303662613431666564386662393366386366336635613238656330
30303665373638303362383338306530633462636632326330653932633964623464363366333234
65643138623061386235363466386531373335333532346337343030646562666331656361613930
33313537643733323763376266363464373461663733373666653230326163623963346638336539
37306638376266303337336438636262313739616665633737666134353431613437383262346138
62396531356138343462383932643232616561353136363561313164623531613261636434386234
38653031666435653937616261653933396166343933393463316334333736323031633361633532
36333335393164396562643462366337366635396263343730373937313634636563653339353032
61333233396632386633343364353062616535643265666232376238316262653764353963316632
34373064623330666332653666383337643338353234383736363739623566336465633630613233
33356431613930366130373231316233313565393536343031376461643739666134316162343638
37636631666363393139333838626635343139353031383464656235333061303837373033303134
35333962326633616136663330396135666338646465643663343362393631346264613831336661
61356130353234343665326238613131323832653364396566386565336435646332656163623566
37613064316263643536316230663565316131623263383431653764623436633562313962646465
36363533383234636563616661613566646664663066376334376438643538633265303537656634
30623638663039656333373832313531303362613632356639323737663139656661336332356232
62333939353032356366326533353864626566396637623862643237383339363937646633356331
64323034356232633462343131633433326239376536663337393637366631616532306561313032
38303030326238316236333231633934306630356637376263643837316364666236346565323839
64633434373131636363626461616537306434313436323732643438326166613162626164386361
39393562393566383236313162346238326663353238316331656237633139643438353632613930
30383331326266336637646462393534363134613564373333386265366534323530333733616433
36323265386239373463373931316363356663353966326463626136303931323034633863366238
39623331343833313032373837326165346431613931656538356566633333393438333239626564
38333432303230616130326363336330343336623138356538646130643438383337353736396635
37626266666130343664393561656262376263376261626437313535333237653737633863633664
30626461633232323663333632633730646164663465353433383839386163316166366363353837
66663535316266643566313532343731303433306633343237383165386333313230663864356664
61613630643162376631303863346364393736363738623863623237633436363734653030623335
31633766626234333733386530626665303362633961353564643837363132373131656637643963
38656430666164323637663631643432663536386235313862623734386537373066
