$ANSIBLE_VAULT;1.1;AES256
36633364373133386433613361356434373032336631356261343265653262393865653931366530
3466333034306164313536306339346430316438656363370a663132663463613039313964663264
61336139616338636563396337386266643632366237316138653738396537366664653637336432
3636366237323531650a643661656432633465383763303564396630613931353538633535623263
64656466356666363839373563326632613736613638353135373038343766613263356261313863
39303939356664363832333736306366306337373036626335613239663264326262656563396433
35323138383932396565363838346661346533316265633961353336393062663032643863393830
64633633636663343632383263343963306663376663323761383030306133393765343537333237
64613532636638366630316461326530343830333164393434613230656462393130343332646365
36653064643137326433643438613162326134356265653432663661613537343634643861653864
33333934653564623336613837383766383632636333623533306434323637633232356431313562
32333938653666393133336665623431636565366438343963343035373639363230613639303435
34373539336164356437336535633765643835653064623737343761356534366536323431653536
34346239396265363761383733396436376535396666333263626561313066376266636336626562
37313365383936396565366266313064656530363833623265353862666362333564396466336662
31323662363534343932343261336262616364343962616432303238326462656361363432393731
31333339623165316563363935626134626530376566643665653232643966613236643236653032
39316263376464633764333630383236323135626662343435613633643363306538626432373638
64633264316165356164623361396166396666323232643332353061313231616163653839323466
39616639613032356235633238396532326630373863353965643965663632626361633064306364
65313636306136383434623134353932343934373838343264383436323764613662376164313966
65316430613866633538373131656366643462333164666332343039373837346364633532646462
39343738393834656462313131316565336531393935366361326430313061656232316335623265
37303863633162396264613935626632363839653735353033613134636165356334383030323661
37346562626162663634333636623165636533646665656235636139323865636165356538326533
36333439396436343732353463613135313465393463316233326566643837376438333130386239
62346337303561316261623235333766633934323537393032626334663163666362663032663634
62353138393431353462643834663639623733323933663962333665643531333338336161656533
37323433333431613562376132393133343737343663303363303066326464396564303764316261
39303837303661326661623130343237623531363766633734346362326164396639303564313233
62633630353539626438346633663762353533303831346430656533326466396539363134616137
38316161303433666532376163326261646333656532386537313331636565633837353036373937
62373132313464363063356161613966333062633166623132663763626431646364333439386565
33353930646164383336333966363465386334343433623531316333633166353335643639303532
35346631373830313536346532613135343866383530353732336438363466613130613731393530
63353039363536363139663835373362363536376562343332626231386133373336613361666232
63653762653766316630616365303438613333383730376132343431666438636262323033613662
31303130643165643732663566386263386235613038313835653937383465353535383631653661
33303761363530303031313362343063343962653863326365386331393866383565633134643435
36313439326362396539633438393435363936353266376165643538333663636130623266663164
36376439393136346430656465396539346162623963333961323736626431353466343763343661
39326365393339353866396131343334663038626337646162653831336661333066313363666564
62316261666565643431633334666639393433616665653131636263346461336235303731356435
37373835333866636534343564343031396464653663613933633038306239306532353934356136
32313862336566356165353433356463373137383432373430373236333036643031373434363138
63363865393862623564316339386230613134636238393336323935613637636134383230373539
37363338356265303434633039356561326563343432343839356462643834356165373132633961
35316339626130353234616362303137316439306135643339623530326266363361373263313939
62326634386635306334656631653837633466373833303731323037373637633539313138376265
33636233623037353232633130653532666131613063323461646635343165336638326533393731
33636239333766623761636634356138346561333765306534653861616436346638656164383639
65303461386634356531303033356633623966643562626132303839656164383334396139626235
38643430316462623333313761623433613330643336643731386336313432336434353264353937
33393665343265346138613162626434623463383262623862633765656435633364363762333665
39366230396163316335373133336164393233336636643438363266666665336231623163323932
33633865396464656363356166356639643834376134656362373064336461356662353534646337
32643666636365316163376661373864326331376562346666363064373866363532386131653163
34393865633764633235623961303836353764393534326530343939353064303364356331653136
36356664643936306436373465373839363764653335633235356561613063656663313437336331
31353732343436323462373738323361396233623964656338623235633866646332343663343535
63643534303330323036633134353766343865326137396437323833343030373265333731383337
35613234363332663662376664616461653634656464306564393563323863636263333031623230
36656431643166383831636664613534393637653934653436393064626663636236373037363262
32663537343239316139323236333635373966326631633766366330656438383834313536353431
64366332393131343365313537383039393862336461313533356235663964386634393762376133
35343536333938653634303563313963373338316265316265366565633063623236376631636465
33353565636164313236353732633761393839393232363136306634373464633239656131306139
31343932333536303530356238313432633761323864366432623463393666663864633631656635
65356665323030306439383166323238613639363539646265623063303864626366653866663938
6162303036326639663433333839616636326634336431393265
