$ANSIBLE_VAULT;1.1;AES256
36656139313031313533383766323530343331353961663839633464666465346164383865663932
3935316163383632363435363865626434363230666232300a666238363233636636633261393235
32643038656566353463316430303961616530636237333665393235373364373335383430653637
3034373262363131340a666334363263633933626236343265343865636639333263313539613364
64393237613131313264623736633833343131616261663836313231376637373339323361363564
36303139336663633162376533653235326463353136616165386663653937303965376661616531
39393036633737383935313662313731313630333334326534656333623162393766363631633737
32356330616631643531653863326330303637643861636630326535323264663137636134363130
65343430363839383736336363356338343039323136636233643030383531396565363866323433
31636233633032646264663238653632393636663134613962616335616365663935393761373835
66396361343236396464373266663766356136656264323230323665613161633030393139316233
62353439633231396232356235313763336565383761343630303531396436313164616233376335
38386164306238326532346164616530643734353334353661313932396435353361323633663234
62396635323532343033323063346164636363303934373063616638363863623630333266336430
38356532613231383735303463613165396361313864353738323064643963656135343862373466
39636165626365396266613065343939646162306137666230636662353363346633633137346234
31636236616364613136373731393636663439353066646165333632343130613333316131633565
65613638623735393131393861656162333163333235313131343739303132666162623937343638
37353335306563393333326536353464383937643335316566333663303638353366366164363166
66646437343366323735383062336131623237386439333034356661643562616430343961313339
36623938373135623136356532646265343464303439666439646662383733653632656566616663
63303438303038373730663437353665383233393032636633386533633131653339336537613531
36663439643663666434626566383732383865356135306363623663653462393736306562666137
37393262656339323535326232623335303938383939363266363736386632386565313261306231
38633530376433383862656364326463393362333938363632626562323835336566666430393061
64653763343235323334643065646464346339633261613134633061303763316165396434613834
62393932353439643630643233313363376564333736653730653962633833383139653636383231
38636336653737623137326336313063643436393131396531363932346534663933396164346166
61666331653963346130383065653736306361386666646439643262383162643133663733633137
39376165633164643662313862326132306136373661643331346436393930353638313066373161
61663065326534393930613639363133646162613831306532626465326539333737633765313532
62316565616438653261616134383330383466666666656432346538396438653736373532643964
62346266343564323032373435356539643564306661636239313562353338373034383663633062
32363464373030323165306332613665316264643762616639636335623636323538653764663262
62303636396131306530616365366331653436333863653535353363373932353033366330623861
39666139646130323432663664613530326465306462666430333739653933356365396461633261
32373939383262393037626632626339393437316465663937333830373837636337353537643764
35653433383238336364633161303866316637366338306230613333343637353966663339343033
65616532393561353437303735656134633134316632333835353237323161653663623163323235
32336637636333313039313737333034393862623764646336356135396263333737306636666436
39633937323562323733663637363264393336613864386535333232313462356539366538356461
39666336636237376364306433336536386464373838383838626236323836306664303737353262
63376335363761356461393264383734383863343163323466333934383733373731323733396163
38643931363338653133376265613064653335373061646238613565333134303736643631616365
65396338623163363135386439636430643937336464623131663933363834633632663064303662
36323064346633376561383732626536663935653637376633393933356231323832613130656630
64396333636132366532633139393131303333646333613661346532613263636439366461643834
64343735383330356162636463376537616335643535356431373436643865653166316530666663
66363337656239373439306561393936326163386366306130636538313533336432653334386234
64373566303531623936663031393634643331626434623735656632333366313863633835663763
64333132663738346631653030656636376133666337386234366539663339663330313430313235
65653330323261356237323965633034343039376464663731373734393232346666616665643931
30626164663238386463396466336566383439616632303732613333303234326665626330336364
32343663323832653766336139663034353933363131653636396565646666646435613964653462
37366235396463653363353538373962393639313334363963323039643664383539343864633930
37653039356562346339363137356661653464613461666265383066623766333830343765663838
30366634303831363636313635623036656436386233616433383236386130346536303833653365
62646639653230373232373135633035653337633261383266636530656433396135303936656436
37636431303938636666633833343764336264303038363335323130616563663563313736303639
64336166646263313266313562396564303637373139336432323661623433303130373565363735
31623038383839336139616430663363396132313935356632346531356539626437316438616133
33626232336133363962623264316662376637353537636634303236333030303631333737363439
65373534366263656338666238613233323734636664373737303263616232363236623862313266
65663735623766633265656661333363383133663364623336303334386239653665623136383635
66393833626137646332373263313638346661376361313432626438353766326461333236393239
39373264656464666361396230396130646166316536326236623264383036626330343539343664
31366235303039653632336666616337613939653838633534316463653137306534623933383738
63643965343865323330363064396362343837656533363264316335386632373938313235616662
34626262616237643934306333656135343239633234333663343764613036343238663737646264
62393663313730336533376338653130623937366134633965316330363732326335383334653238
62373934656635653638656263336333323662666138663566313563353530616431646138343261
64326462323661343864653863363335396333633266336463613964303062396631396635353034
34346261376535306333623231623238613265363936383564393866646231613937316231663365
39333135633437633663303735633362343232303938353164323062646536616566623262663661
61363766656661366531663463303366613030333531343331373635396238306631396164353131
65633833376531663837336535636535383930653062353636663738643134396235613031656466
38643139363931383238346363656132626431393766323933373962303033383164326161396564
36353236383736316462333431356330636137326337303835366534643536386264643331326335
37303530323366303465333637323564316636643365376662653766646137306164633437336635
36323136613938623762626565646532376663303438383530373965663164326364303235663534
34666162316161373261346338306666363732613834666161393530353664623033636135663334
34663134323262653431383163663861343464326137656461373362633365616562653338623330
63333330353238613233323833653665373863363938343530356336663163386330623661363731
61646535313162636336633637396132663734323639626530656665366265343134306332633265
35623965376239363264656639363039656366393432313338373634346431643065396534333766
39326165343033353138633930633037313562666665643139363133336430346333626462316336
35646434346336336331663166623232306464643862323564623934383764333665663237396432
36643662306662656365636563336266623330366632383330656461616264653632383663343637
36636334336332643938663161613465313161333930376361386233366437346338303437613138
34633864376531353732373830386262626230323030653136383633343365646132386165393036
61356437633666636165376266313630646263656366653931326563323630336666643030343335
37663361386335656162613863633162333837643066306463656262613061363439323232623330
33353637316131633032393535643864323031623466393563383637626365306464303261363130
36363266666366636534333834623763363539313530306339656136323036626135653564313831
39613333663030356264366332656136646362656433376531313037353635383633356333326433
37373931666462363539626561663033663466636566656362383537643530383138626634313361
66626366386533653630653830646533323837333938633837623862373366333636633466653438
31336266623461623864666137393963306264633238326231666232323865356264633835326665
31663030393464346531656236366430313132636232373032306564396432643937386637616466
39373939376437373431333662393562336533633135366237646233363333643435326362313135
36613463393531373433386133326330376630333366383734336364373763313261653437316265
36393861366563626365373936326233633764373061656336333462656632653331333666623631
64313665376330626466613864643962316630323636643862336365373766393463323435623761
36343731383965643961636234363761646534623536363830386566313036633465663831626433
61356565313030303139663334613831343234646566666532306438663831323731393230626163
63646161383330653734613234323736353937393230646237383737393730356366653366323538
61396237386165336336613861323865653662646361333234393137623866383564366231313366
31323966343665363137613463316434343033303832633638323132626535313766353265306261
64336165646362363963323833643537363937613039633938663137366639663137376664373435
66383037383231616238666163633133316562356238636566333139653234336631653861333366
34303263333235376539633637616536656139316161376362366439393630336439616231383133
61613135316230633739343233333937363933373563363332656535346561343863363463386534
32613939316237633233666136353566303765373839373533653065366161316666343339303635
63393366666536373530323438373364373465323239396231373939636632353566333333316162
61333939313366356231313831663834616537653862633866343735666165323664353331383563
66353162303065313465623263366530393238643633646164626563336532383261363538383334
66663139376137636636633766366266636366636565393631353739616534636636633163623165
61653466663731663737613363663837396431306562633534316435383937633730376361316232
31326165353631353639393263323233653731626564353933663862653562653039626536393164
33623639313864316231373461306538653065366333333532633430663435663665383035643064
37386337343661313135663336316266653865616431393936316166356464366464393035643565
36326230393433653737653232383232323431373436646136366234643834376666373831343235
61343337646336363238653438336533663635363562353963633261363161653531356538346539
64303039663862636131663261363062353963636638636631393263646533626539393331636562
30633439636538666161356230663066313334666436653839646363393064373731346363353932
39376562326137623833396638626639323530643536656366316564663337613138316432343839
38383033316335633031633864663139626134623839396334336662623730616165653962306235
63353037326331363339346661656164623839363562366661626433326233313435666439383434
37653731366130333364316434633461343864313966636132346536343036323265386236336633
39366266636365663539333162663339353564396566336165653939326563383361656361316537
37623830663466393064343130623662376132313465303031373338616362666133653766393535
31633235653938616563613132333530386565386638326538373537363061646534396434633632
37623636343932643266366130646365613964373530633535363430633231303336336134366436
61396435633161343466636466393438656436616438633136306264666639633931343434306432
37336465303832663161633139656663303237393266313066313064613637353938616635306164
33303531646135316432386137326366336236663634393062633864636234366332353738333165
32613962303766646265326233376663393739393431386265333262366637373963396562396266
34343462623662616132613465616431336137343238623837313766326439393736666562633438
61623962313131626534353364396666653538343331623034643738613539663339323238393438
61393237306463633839366364636532393563366637393737383039363434613265626262323438
65376238323731336463643162393335633031313866353038376234303136373636613766373262
32343435366431393932336661323762613132343031616366666534653939633738626166663861
30366536373834346339306465393664623462323037643435396364306331643566366438663737
65363031393830316531343138663762663438306361383930363237383662313135633036363764
37366230626434356131646533386538313630303866616561336162393438623938356466633866
33386261616239303063633166386131366636333836336637613931306264396235343462303463
33376262666561383638343366666633353634643961333635663434336262643965346164663430
37353437613730313238303735346163356536323737303833333432626637326565306335383637
62313633643930316330376165323936646433316261313438623466646164363465616565626138
38623230383139303562336230663764663331323730613963393634353263333562303363656238
36666433366661313766633464393438663038386139613134306561393936396331623936366134
37653930303863326238376564306466636361616136623135646631643334353863393436346135
37663630623463663365363662306366653566333438333931346236373035333862616335313463
32636336636231313338303161376430613035373732323238346263336235643438376261316564
63663263393930343064333532383439383135366565623963623365393735386139656332393337
31663133323233326639323266356136633538343530373831393133353138326235336234636562
31633130386335653765313365373839333030636335623966333262636365366662366164653330
66643466386635653334336661613366343863396231353966386365353731363534636666376464
37633930313262613530643362643533646161616134306137333566363861313830396538386231
30383564343830343934653464666230383463613330626266336232353030366333393462363632
65366237336165616134376533316338366134343335623834346364663236313331363936376465
66656134336530333634626465653565363862353363666261396136333335336663353663366135
38646362343837363438376634613164613531353435313066323434353037623366353035623337
38613462653232636134333263656466323833333930376264393363383133323236323533633761
65663338373263633738313564366534623130636464636236643362353133646331616161623236
65393334303536393164353435613731613939646366383633383335356364653335653263656166
30643761363137626463393061316134316231376265663735656163326361633066366139663837
32333033366561323335383835393763393331363332373861303561323161636139306563633962
66313936303165663437373139633662643566636432643063306338656165623237363532316337
35323435666464353731643633353231326439306137336634306465323832623432313534666434
61323331393261396566623166396531623831343364646335643065643531663734373361663863
36623065653361636261666238333239386231646631396261663264613630383735396663616165
39363937333434663930663432303931656233626161333166323337303962343965353836646331
38333438613632636332373938323936393663323537326161653163663937393566633837363233
65356564306132383939323162303335373534393635653561613334653166363535616135323030
35306433316135636237663739326335663837373235653163633238336265363664353238616437
32363966306233326331383831316335363534653439626462643539343135613433663961643464
32653034313231653336333762323162323534306639346131316636636434656165303266323062
64323066303637333735366237313433386137323564633738323937653938636634653434343630
33393938613561613664343333376132373761663461343836333437343030663861653832333061
34393563333062653235306635626662383062353735633230393561373231386634386133383733
36343136323965663864353731346239363632383432376237343863333465316266393137363962
62316330383532323935643362323461373361633964346339313131343762643636386164653831
33356130363562626237653861643539613332386365386463613234386230366363336534306465
31376164323064333065656630623532653139613335326638303162313136383430633136353463
61373161346235396533663261363133643132346466373831303134616234613663386338653236
63656533393766336133346638316535623938633737343432323161363331323063656333333363
66653633313732623839396230323164646232616337646230616635373335623431373632393233
35663235633930623763356363313937643033396138383061306636386532393435633730353732
38643836356539343965316432366237313739633636643438646634376234336536373631663130
33343135313233353332633333316436616330313536343636333636323336356261666435303066
65386431626634353130386562343632356435366632323663636362363533343563663765333966
32623665343166323263613664646536663164613463323566663463623139386264386637356230
30383234333533633138626363613038366235396233383762356537613861376461663739376335
37333464313030396338376566396632653362363661386131316439316464313738613465376137
33613262613863346261396539636238396561663035626538336365626537323732336263653934
34386632383330373063643765663932616563383165353936313738383564376432356237646239
36343266626131343835626331393530343233623165616566326162656538626265353932636530
32303035613139303833303039343633303832383337663934313264313739633336656438333239
61303632613031366261663030343661623339323438343862616334363265613232303932396636
62613436633736646265666637656435333131366635303065633733323833626436326533653738
63363438373766336161666131386162393434623934313835383165633130336331343866356463
64646630343836353536333563393265383435383333356236313739636636646139316637646365
64623661326638353938346366666132303330643735646365633730303866363261356461366236
32613937653731396264346665616663383534363665376163343533653035666162303033613435
30316637656566623837383235353963313632653666353632343935613963663963346562623138
61323230666439373963383635613031633730396137323338656462303935333039333139306361
66633538643836646664653538316461653431333462616336363834396664396331643538616237
64643463346263343238666430363638393333616138643761363365336336393935623639613835
35373532653765333139323363346538343464653065386164323061646337613364326431313764
61323830363361666130393436313136303739306362343566313762636635346461636631613865
62393036636539666631343666313234663630333931333262396164626330376364316533653037
64613364323166363636653962353836333866383130643136353965393166623632326465396362
36393861396563303339623765363731313332363466303265626564623262616236366561343331
63343065373362346664653730323361363836636561646531653836613430643235353534346562
66363761313162356366613235313134303335376663303637383631356633363739373338363733
39636366316435633961353837316362303333663036373661643562643230373230373135323637
62633738373233646333623162333063613162396565343734626438346463633237333665613565
36386530363566363335303939353065303264663366336631623436373134333736386662346562
33643132653231386262653163366436636163363534643563303766636665383936666564313632
32393932356637383032313636393062313730393236306434333738353734323232353139383737
64363932616363323664343663663934323431366631626463613561653766613534393363356162
32356436626233633864346437373736663964353636663534636665626366616435333639343835
39336662346237393839353436653839303538313537303134376462646531613335613638346138
32643738346663326462376635366631666563646234623463663861363934653663316664323431
65323234353264316535363566646130383865623863666361636433636632343861366263356666
33333035393930663630626234353333633136323062616662653133326562373931363964323431
66303732366332623736623631383134353366613334616331383534386439623665346535633365
62653835323462396462366136333834623838323165333364663933636261333464323832303931
31396535346237646433663364356539633962636463313239336336336632393337303532303763
30316435616530313265333131396363636166373839383036343230643933643661666431333766
34346661656337653031353430323664643664363163643666333662646166303934616434356433
64636536323432316436373565626634643737376266386335646465366333386139303165616163
38666361663934663436336266393762643263383230356438623465313863656332383066666237
33376564346433663532363831643136336330373131613031623263303935326437383333666565
32646537653639666661353561643961626536303037343436323963323535633439616264646332
35346331303237353730313138653065663634366239656535303166336465613261383637396532
64633965663435623536656334616636393939613635383433643438326537626539353433353636
34323063383566313835646663313561383639366166333338616331646162393632303761666632
63623034393033396436656131666136656132646661383866333133666530393236663636616530
37633033666164646133333730353032363761373164356432666563313532646633623566366264
38303862373830623530396633633539663731393130343639326265613838336235333030646530
63373036363063306137646235353533313133316463666338613633663832393566366664383365
65323962306262393163646539333130383463393339383634306465376438653732393162393536
37333134383733393734666365323632356235616337323438326537343431303132343938333933
31613434373336343237623236616136663832663731663163396163316235656462653630376332
38333663633437306437366433336466653530623634623766386336643536333664303164386337
39383333646665616166613564313035303735626364393838323636313066393437343863326463
61623538313836616634353039386339613830626164356637346437343163336131663866366161
39346135376132373530646437626363396539333739636436663332636532643436646564666363
33393966616662323161633134343930343938323539623561623935616134633730316433313566
66323633313534633465306234386632393435393461616431376237366339303633626465333634
38663462383233343530333062386365396363343133393965326234386335353437393530333334
65373438346236343861383966363365356235643332323534393837376662303366336265636232
62356463363738373866383130393231643866623734396634636231333261383036643461663636
38326466343261306265336466366536346462656233653235316362313432376134393865323939
39396565373136313335626238326135393639626135333865333566316630656464353065383461
39353565363130346337643733636462333664313362353564353332646638356433653838316466
61633035366535333432643036633065386138363461366664393630393535323736623333623963
63383432346563303631623263666162346330643936333165653662366536353739633038323932
65343336363131393635663531663166376436303831616664353236363039343761343838363739
38633161626634383863363839316637376639623737333530356538323530313136623866626232
38333438353066636431363738643966366533376432366263393732393366623237313661353666
30656165336533653133386635356134323236356163613765636164633038613735333834306431
61393837636563313331636363663234666236306537626531616630363534383964643361393535
35323963303961356534303964353831653331643238326336643966613164656232633636336238
32633733383665306562346562663338316265353234626432356365306230656138613538366533
30633234346136653139616338383031363232313861343064313364613263346264626162633137
36353532383366356163336466666530356433626265356634383462343137616366353661353937
30333831656433613039633636336635336537666134653965303135613636613163373737393535
39306363306361633463633635643162353939333666623266343632623333313534663664366438
39376636333065323366393033613636623633356537383535306562643566386134323537346535
66346435613238323261653538623366383132316536656161326630393039613235623930643331
62306430623837366333393466336362313135363039353434613963616135626535343635373132
35326562366263643561653439666364343864333536333738633933393261333535393462616335
32663838613933653131356339336265643839626265643737353234643832376464323836616534
31336439303539623536626633636131393238323938373032303863623766653163356631633764
38343430616333303433346464346232336662363330623666373936353635636236313263323965
35303132653932333464313563386333333930383032336239363135383961303966376533316664
36613265376466306133383531373139613863613362643266613335336364633463376564353133
38313230653936386161346262313938303165633935303132623663663563616231663664343265
61383433643166613636363230333464623537366664393330643363313264653030646531653738
31333132383436663262376132636461363664633261633631376233343832356434633666636237
66323932366463653337663837623065613438303635393939363430373261666534376165313362
37326231306338386537326264316462613765366531633864373131646261363164316337643831
30346431333864663136333038643966373463613465393938373238613431326564386135633232
35376461336235343934393161613634333734616263613637356337643966356165316565323535
64363737613536376332626166366639313466326433326136653430393438353934616265383866
38633437366337653761646664383330303562333562313766343261613637303931633261353933
63383734343133363338323134303138366162303435623961346364333263353931303836363164
61623936653834633430343934383136346333613765363032366334336630323130636331343137
62383234626536646161376166386361373765313063343633643733613338326161303535383830
30376531386630326530643761383335613932616132373934313464373437333265643466646563
35333466393931656562626134396432636461393939653665333365376234306266336133316530
36363732353062633632396165633835373838323632326336326362656164363430343561323631
63383964303564353233323431666439353637303962303334313230666533393131643764303339
62623965666433353738303732393065376665336362313532653364663738396166393663616235
66366366616630643464326164626564366533323031386161653836343536623265343733643531
34303064613430383336363265303163656339646431356139323436313331323166613064643132
36346132313832383665653739323133616262613439613033396634333034613862326564353836
34623164396165663035366239613564353163633766333235663634636335346431666561336237
38333238363437323734623731666466363338636566333138346466666434336634366664366666
36393138663833363262373665666163653165383138366461373561653338626332303431366661
30666261316136353062383633303131643039613432343639316538376430303938333638633834
38616635343531643163353966373937616632363834633531353036656637333037386434616163
64663561626564626437363764353233633463653231666133336136323962666538366262633161
36313165303165366433323435376434623464613536376265646565323037356633363935306337
63383936666431393831333132663238663530356539356338333566303733643734303864613762
34333639346661366466663064373238336435626164366230353661306262643963613537303539
62653961376630346565653239363639323635313939376462326631613130613432343830326430
37376364613832616339646362326661303962316237633234616139366634306263303064333961
66326463643562313564303263376564393634616265313939346239623431393264613665663038
34313834646138633436333132346165356333653165643832306432643933343161373164316132
62343133363063386632623631383962383862356537613232623332643232343737373336303535
38306231623363366330626134636337316231393666333338363436383435316636633262663864
64333937653930663332643232336436393138666636366431333435323730316633336135393838
35396464376665353037656565623166323166363139626335343232343861396534663833346637
34646464323636626130666461623437623535383963646335363762346630373330393433393839
61623963343161316632646335666662393764383835316361633231663462373538386336396666
61316237633832316537373534306233663465323465313330336638623737663263353335386661
66376262383339363466386562616535653737383664363735306531373364316538323133306434
63623436316535313931373337353136613635366332353064323234386632663132633731643166
64356131653330623663393038343562643439383832623131303865353161346565336334303738
30396263346331623439376532643561366137326331626132393565616262326437376233313766
30353432323639383537313831353365366234383430633937626662643039326131346235623766
33386333326538323339316632363563626264383339316339343036663731336361613066623261
62613464386236323232663935313365346139636536326363393165636336646662666661633764
37346163616539343261376639346133613565306161646634373231386163393265306165313538
33396538366131656232323361396138376664353839386663373062386530616535636434373130
38363234313362353432396461393039666462623562633534633531313862613662633764323533
35613061353131633265633365663430313533653063356537303365653663376231663462386438
33633263346138316435363436396231643639383133393836613663663462363731356438663638
37663637656534383839663265323962613464323466316665666238303839303730353836393962
36616135643866633835636361616637363438363737366536633765393766333634653239393736
37323530633365393931663137653666393462643138343562323265623538343231613537653734
61643435643166346131336235343963376261653139656564613065623139343039323334303763
36356537336237383963363866613736666262356132356237656634313564356532646435356333
38666531393531323264306131613530653330643765396435303835656236646339333530666331
36616539366162363134323661633335326335346439363534656634653835656565613934396335
38376364636563643835326630353565303263613037613166356465376139613534366462343033
39663634623735363438373763383538643862343234356264663164363138353039663664666561
39363833643961303132633439633263643134396332303163623834633864643230656565383061
30613236306433663732643736373638343061646638623631643663343235363139383838373532
65356563626536376564376463336435313866613435386563343061303430623933366561306239
66613464623365353363356634623235376134326230633664306539346365616530306136373631
64333464626238616635653135316231323666353139366663303037353937323131613634353661
66646432643134393737303966636230356536613930313963313931313431393165303264323264
39653831636166643332376162386133333464653535616265366333626531636439616531396266
66626531653761616563363363613564613536616537643033383038336138663737343433373830
38383733363337623731633061353261643931626137343864333631393131626537656566306564
37353633313565616464313462396531343736323762383366346239313230636132373837366262
37366633303661306538323563653137363266363663326461336536643234323039303938666133
35363964306634626665316631396636653939343734613937636434376165623036376236396538
66303062383261373861643164343865656231626130363331666161353066343062373163656633
34613436356437653436323830323733316266363163376662616533343162303534343333343461
65356234393637356236303465356162303066313862626138333931366261646634396334666537
62326231613261656430393737633339613461626239323466343033646631336535636134336132
31346362336566366561303963373966653539663231353166646635323136646330643138363265
35303834613831376262393036616638313063643937366637643563373166643039313735316365
30666233643039366634636566653262653231633766313839633361636461303538616261666566
38346465323664626335613765373961323035383031653136353838326439666230306131363436
35353332343164343866373932386635333863656236613431663639366134633462323365646130
62303936303839383038343433363833373161366162653164646235306131626166336431343038
66326237306263343635356130336339623531373666373739343166396366336536383261393037
62613331653666323866633238343839356339336532656634656365663066333038663030366232
65323165303839626235636235383264333835646235623063666331626538353763333264383937
37633331383939326434613334653331356435303931333162373536643562616434613661666132
39646533616561396630666663336436336630336235623262363961616137343638663234623432
39356666333834363563393635653636373432323661376464333435623561633439346363396663
33323531303138663736623035376138613733623333376431343461386561373433383466313837
61636533613065636263326532643536663838366636653633656636313563626365626439323636
62326338366363373064383630663339623166326132613763663137383932303131333937323461
61383131313565636531306330336662386432666365313465316332616536613536646335376330
36653162393832393066656631303036346361343634313232313566643734666661646362353433
61636265636635613630653533623461623630363533656433346632386464333631613865363162
32663864613730636466333433356131326363356362383961623263663731626437373962636530
61346264373664336539616530396461353662376337393933613462323164356165383439646562
39393437626666636335343335373961383765306265313837653865316534393230386237373662
36643164623230366363613065343665326664323438393862643838613164663765396537393463
37643532323064303734383632336438393230366230373762306366313235646239663830643330
39316336303931316631653339393833343336366665306566316431646434313036323964396361
35643862353035323536346466613465636535646635363633363539353139323134396330326562
36386562396534363761616539326463383766353738346364303730316338613230613062353864
33306561656361376532373131336136626133383237386466353838623562633066323136393961
65356334613766376366363763626365323133313461313263313735306436656630363162393864
37303362656366346432396539323961313066356437366335353337396237316339316333393534
31323332663638636264383331346463316136633735346663626331636131396261346162643266
36623464653239383664386536373334383164636637333039666136613235636665313033343061
64306538353439633038653666663666353836616235326362343830636435343961343233623561
31663234316133396335313634396239343965643131333162393962393566313436656632356237
37633533396239666136323238623838663364323035623033656461643966643735393232336666
32646165313134373336623966363131346165623132653138616635336337383266313563393532
39663330656137366630393962316137313534393362623733373665633363313233313566633062
65393165663664636163343134656334306265316333303238393565306566623635353234383761
64663263376661356561623464613663333039363564303435366537396465636134333662326363
33356464643836323230643135653234653339353865656565363136313566336437646135343732
30346135666430326232643461636661643139623132323232346239643534623265373736636365
38663365636638663131396363373363393436633739343264623834306335386435383535623333
36343937313264326562346137306435393236643061346564306339646365373536663663623866
31366137326266313233393039643763346537626235623531646365316231623939373739643539
35323432306662353535306564636661376261383666383236656437623239386335383933356238
30366562613030363730333830373534373261623066343732323062653539646532656437653539
66356437383165653364656161633036393536663863643162383130396330363731383464383334
32643630343964333030333835303061666439356133376163386636646331386233616233343331
31656139623562373161336561343038333262373130346566303761356166393164666366353563
36353736366539653366316333343866373637373934333063323163356163643532396232636364
34346633353466326138653536323562626331626563343563323836343163633865343464323636
32393933626663333463303765313331306330633138613966336536373437316630303761643032
65373334323530616665356165393161653137313466393631623235666566316663616435333066
30313563363963393065346333393036643065396536653839633531306563356532396338346663
39313866383932393536353631383931643737363636643361373565343036633334643132373433
64643637373764343866383432643933666365356165303362633633346337333638303134356365
35306565383236396334393535613132396165653137396565653030386464643534346533303561
39626331326136336264636466353764373162333835323165386664613539343766663665376332
61393031313065356237663234346665613237663934393734356335326636613336333231323066
62663433646438633138303139303237396337326363336432383334663330373736373165663331
61653138653331666534363437643138623561336563323837643864666665356532356463376130
31623933363736313162383963356633336334366339346563333065343537303866373066323861
30623865616233303563353036356539636631376138333939353066633836336134366532373236
35346363643232356464333837653330383932383266366531316234383135326535623431326663
31376630383462616464626438383939306166373134383339306265356639623539383235366136
30616635336536343166376332336231343730356238313166653536643230613039323335313934
32343531373932633262663538303763383761656166373134383333343164363662313166613961
39323538636338346130343965613065623133306637653133643138663964353161623431386130
33633064666463353636376231386662393630336537323437373734343964333863346439363465
61666365643031626531366364646133373561326263356263323837376537613333646338326435
34653232623262646138626536343838383834336163393637323137373566626263326664373334
35323730663262333936636163616139333761653534386132383234653732626662643238366431
61613362666432616534643337353536653261336330343330306365666665336565333436383165
30323636306432326364633861376461333431623035346166363334633033373463323739343266
34643931633933303563353861393763613136616263373062323537323833326262643333353365
39616231346432316362356566626439613538333131643833623762636161356362393865313835
33653433383566633966616537333635393233316633363465623634383839346535616132623131
31393639623434373563393037386131633565343035623965633136643831613630653639646531
35316333636532343638633934303565626238396366663065383833373532346538383936326662
36636239306236326130643034613533636537303465386439383133383937313131633637363332
35633461336335353565353131633062326565616537663762633666303937656463366337363032
38313263643238313962313235346334363465643464393033396239353261333366613466383461
61373463376430636561323964373366363233363163393835613738356165376561653530376135
31313136623662356437396131643032353035623236343536363165393066643330376130393332
63376662623663353337353939653966303234626138353734323837343164333061373865393066
64313439636139633335346663306663656662383634316238323337376436323438626139313134
66353536653066333863373030323463376331306130653431323731386530656632636562666431
34633635333162663863326263343636373061666562386163353830613734303435313330663662
61633261303939356261383839623462636436323034653131633733323736353834373238303463
31633565613831326131623631666264323032366534653461333436363637353035343665333962
31383065333037323536633561313861313733663432653532643538386639366666363534303736
38303362393931653638656165633738666461666232373330386133393164636532353565373734
32623864376636363366396130616638313633383564633537356632386533333536376566326464
64316532363761346161306632366333376236666532393437366638623263633936333932373162
61613733396363366263353339303435333562333834333637393137323862666665393634333533
62643533393465326132643438396238306430376363393433376563643036393236343734383032
34393035373734376138333931313137303561663461643432386634353138633863386265653930
32646333616436363365343162306331356362363533646234393932343038663738633261643535
65303631393966316336396637306364623730356633623839393237623864323930636431656663
65393835353736373665383237633566313262616439386132386466323939313938353963333263
30333062383332616361393036636264323233623636353937373235643735376630666431613033
32366366373839623036336661366632386634373862316434333939333130363039613161333837
61633531366362396132323031356331366338323136383964636334663232373363366361373837
65636632306266333263393130393232616637643732316632323338313166366665316639666338
34353334623966623065303634623830383939626461666337353032646666333066666430623939
36653136366637336433656364313834663865353533313861323366643736313431663663376262
64613739366136363530636138353831633064643365343538373232353032663431376537343531
61373038623939386361343230356631386437613663336136303234313234613832353334393761
37626361306335663439636332316633313934326636303564333732356231623738313033643564
35333864383466353430643638363061383930623231316464336265356438366339373666386262
66616361363238366630653739333362653530643930653832663237306533376162383131366638
32363539313130623763363730336432306463613238303230393232376339353261343034383966
39343734383530623136343266393731343535643532656633386637336662343737383634626566
62343564333832653664333462333132376132623566313335633366646337656134613734356464
35376366326462316235643438323037613361663432643630383231363561623561623036653736
32366633663066643635393932393865383230353139353863303363376561643837393739343361
64653433373335393466393963306164353664393730656564633733613861663633353236316166
35646461343130666161373136646561343532363163323338636539353564356637613033653034
36356562373132356663363834643739313231333430333132653331373939303436626232643438
65336633323831626163353164303465353263306335663831643862323736363033323961313764
66343730333039393563613834653435633936366133306665653165353065363461343234663962
32353461653433303763656539363361323335353034356432656136383263306563616639316230
62326361316361336561636461613530343038303066333936303531333864633338303434373066
34396164623165643932396661646137623339626634383730326338346365363736646133313031
65353038363631653834383839366666633730333239633566346237666531633332343466613435
64303936343064363065383636653966626333653832616564393232353038646131363363303965
32366337353431626437663935383538393037343933616265356135383237306232356166383861
61396438666131633762373134663861616161633732323333613034326633303263393130373339
32333663363063383661633932626334316566616163663634323230616231663661386261393931
66656431326639356533303062303964336330386139353034643731623133353039336434303632
61363632343664626131313261653465323662356661396330316163386132303261616664633439
36656138343939626163653738383436633535353438313636623434636363613631663433393032
35393131356133303363313432353566323136343435396432646130353932316562663762353938
37633461656566323135383366383230306362326662383664613534643731353866323630653930
31363535623639353565373730623737613066653465343265653737336535383132346333316463
34323632663832643934336264373832623163313561353939346162653532643931306531336533
31386632656532653039633165333364306636346562653764316639643339373265383139616666
34626663353935383564396563343037613432386264356263643030393032366266303034393238
37393364633962633830623461386135393838356465656364333732643731333261393666643533
33653232396439383036653439643936656434616266323331326534393738363932366336323933
35303961326263656239646539383437613530323132616263363732646562313963616561396635
66366264316263333466333334613739306663316137313965376438646639353765383165626531
38653362626234383330646330663837303664333234633734666339643430623531653533316432
62636135383639366335383465356663393932383563626636333935616538666535383732343832
35633236393737346338666635373534306562666239313736656263623138373461313762306234
34643731386432376635343530386436306539633834303439633966653631663333396562356138
34656531623864633365366137383563626461393566373533306530623935323865346438363265
31636536646639396635316433666432383036346639623534393030306566616263363163366435
35313566313165396430363339643333353363643164343633346531386136303037306665303835
66343664333361396664303037396232346330613832366230386266633934623232393561353264
34303964633266346665333665303834666637323864353838623662373734646634326261316263
65316439646138383530633132356232306234336561343639613363653639636233313865616165
65376136633266396436616365353134356336393061333239306534666338396261336537383733
61323432616233666436613934636334633361666132653561623437323138663862363833663666
33346638323961393961343334356365653565393935623762363434653139313766383266306437
33633563316261363535363432643631616331303961613533363431653935653133633339613232
65386238393735316635336431353364373566643061383433663134396231313662656438613834
62313734336135326138363266383933353762636266623464303831656162626565303737363164
66323639373433333662653866333430373964363437316166373161326131373766626232326465
33623737653336636438633262626130383934356163346261326539666136653631386536616534
39643432356639626331346630616134343839646664393735323561333363396263643632626665
34376665363362383338326136373164666335663639323365356563386230333130353966643833
32626236363238393361636162316531313066313035623837393839363236363961333230346563
66306636663339663566313564393235653532333034666162653634646136383436353537653838
33313532613539376338303734313365383436356330323635383331363338666436353738343063
62303265393035666535636230393136336332353566636535303034333039343966633030663539
31303562323566383763633434376536333135383666373464656237393962623738306262386430
33333361626335386562306232343133303162623964616333336632646632643037333138383162
37643363383536313361643133623538633336343239316638313337643635353639306664326331
37313436333664323031303931343963323664343766363436393365343235396534383231636138
62386434333837643466373834396165303232303539306533653335343034383664343663333765
30626431303230363433326662313762643163346363373839383937663663373961613734373366
35376663626334336232396263666164656134373434656231383563623062663765653338333866
36306261363063333838623235656161636131616466393938306632316464353434303338333730
66333331303933643639366236356632303662636638633035306638613638636430643234613565
36313433666338383432313733343366633034616436623135353730656531343734353063656566
34323162653330323565633766633935666239623236323130323466376665373031396430303765
39363163613163353535396332646137393938313738316232616264396131643136343531623463
66613262326464353561346438353066636261316337363437366466633135323363616534663436
65616337643437303363623336393733613731343130376332616464353062323436646661326630
37396135623934343566393038373330613030343866393664653864386638326439353233353734
31313266303635643166326635646536383861376130623333663938323239343361316532663365
36356137373966666631623866386330333934363362653161333230623264303831646631656438
31366361386263643935633133346535306636643633366639386563313830666337643630623832
33636331386534613136373137343634616361393334313562616234386239336134323661376462
62386465303237373530373831646333333966326237386638636532353462613966396661386634
65353137376639376663363735623236333865666364643165353763343631316632306364363136
66623063623762613863376334316539396536353665303766663963323266386537623064353737
66663663363030393561313033616461363338363030383839393333356335663436393433386134
38336539306430353434396462383238376336653639663466646233333964646133643132613062
63323432616130363865356630653964386633313461646262313766353032656534306339666434
32623034353361643537656561313633656132626132636163656330306263643666396631313439
31316166316165316362363730336562643762396335613039626231633964383535336665643134
63666234336266653037613265333436336162383164343334326439663966633566333239393436
61613536323734316163613639323135373465333762326130653738383765366363393536343737
38323837666537626633653131613666613535613231313731343062653466366162373666333466
64653235633461353266323162623931616138383038666439626137366362333964653536353965
38626631326436636637636634373131343034323233333934653764366231326464366431396465
38376666643166663366626336623931363334366630356130343965666436656630363139646366
61643162626238366637643764646463396665653330666434393265323764383732323839336430
31623738643539366661616562623137343536656537346136653266343363646332636661656231
34393231303431623661346262336532313935333338663637376636326231343839636365353662
36633762623462393337643136653663363732653762663561386364313833363730303938633431
65333766323438366634353064666538373230353631313534386566363762623863663733336663
34653230633038616532373864313636313564643364643233333336613630396666623961643161
34333463396438383561636564363335356331353161313336633736663338656437336665373032
31333638613162383438646338316462363934623234363637313364353838333464663063323165
32653562363262363930313961306334346162396564326534653938323631653561616438366638
62643736366137666132643937646636326530366339336335383232333831396431666533646461
32633739306535623766663137653034656131316366356137356534623865666436336638303565
39636232303663306239336437613334333463383739346136343264386331623162653439303830
66633639666335616435643133346430383239393737306265386138316533313839333536393931
61663262316436303862303438323566626539633661373131643866626262663037323734393937
33643063383730626133353239343564646634613265373566336130303133356361343161396133
38323035333030373438663566333734383435616663656462623734626561396233393538623864
32316538366266303137383165643466336231653530663535636562643463336635646634613139
39613832393133643763333764353539373230376465626134666161336435343235646166363262
38373239363661386663373732646637353563393362363362386666376235313161333337663961
35343330383263303732643239376264366331353965653635626633306135636436383930383834
34653132643761626639376431366262323136316564336233306362306464343730663666636139
63663030353733356534366166373633633133336135333835353431343135393833373734356333
61633861346265616463383134653263643761646139643231653338666637363333666564613965
35656564316531346265333139663239356463353764373761363165623864303865333737353435
38653736396266646562656130376661653565343031613837383030616133343162326539373330
37373962636530303763623665616130353431363231393932353539316361313037613561306464
35313636313130396334343433323534306166653561666239653731656139343064616131303835
64333932623131313737353564613037353831663165313434343839396234656364333231666138
30623864633265383239663330363061643232333263373761303861623739613639353338363135
61633535626130346262313064643665336536343963393031666164366263316563626631333734
64396536666432653666306366623839386166326464393566323035616338303030653136383936
66326434346431646534303162313532326464643236663264356635346432653530663734323931
66353336653664326235366134336633653133623830376166343639343730646534393766326165
32343334356535306664613039613762313661326662393137316664356461343665626161316330
66666232366639636439636661363262643430393162393264366139393062313534363336633339
66323465303865343933653439303330376435643162653039666237313439376265376632633132
39623162633932396361316461333036663935373130306565613531303234323132653235353032
65363030383936373065386239313966613034633239323734323432393630343764333263313233
61613463333931633632326236303062623236323334643766646466366335633461646636366534
30613539393761383962383439613435386436393134333866663635626637643437333135353634
38643232656433626535653363386139383262326538326534386136623765383931626337343962
32373136326163333435383335613233313063613866323130393837373434386639393764663137
65313738653866303265623138353736336362316265653735363337303966656131363235306631
38643637666135393430643236623936386338346539313033313164646130333538343332633363
64666663333438656236333130303565643834303766383665636533353936386166376534313638
66613138323937343630303566656535373463306137656435313737663136383134656435373432
38616565363035303865376334356530663162626138356131636562313333393666616230656361
39663131353038393863633238643338363561613539346131313339376631653861333837306263
32653965626139643233366263616363323434393762323263633038666539656632306233326532
63383730366564663135366165623761386532343631373837393138333138613437663038623732
34373865396233303264303831663531623436393438306139323064663664663236366466356634
31393733326465626562663138313364323265616632623837303737663434313661363132356661
35353962343039313037323535353230373132306163323833646530646334373136643838356266
36643131356564353361653763336366636630646339383862613434313631363965
