$ANSIBLE_VAULT;1.1;AES256
31393664343766616339626339613039366639643361303238383537343433343637343232633438
6133643236333038316361303832616264616263353237610a333030343838353762353534663863
34316361666137313932666330633534383365366465363333303431313366323963326262663035
6439653736323965610a396263313463623561323637383539383634616131373666393033646634
61613463326530653632376566666336353036303839353533663632353139633565386264626531
39306531383861336636656464316263373663313334363466663435643535653731636235323466
39633530613661666661383966613736656234653163353238663532336336333230646535366463
38313436313233363338313635323631666365353265386165343435343237343839626636353533
65646530306162373833306637373137623063323431636665373163373933666634303632356431
62313030316239646165346262353861336637633934323661633838343333346234363832376534
65326263316136333364343761643565316364373336333031306638306462353736653631613032
36346163313433373737393564396562616562326461623034316666366136633034393738623665
63666632636262313163643030393231666264616264653332346432646336393137623963323731
35343835626139333736366333373164323461383662336436636531646539656532663365386133
66336435383963653437336631306237366164613763656664303536303535343336646533376232
33383935663537383630656663316330303738613331633965626164396335306334376135626538
66383164636631333839336136323936386335353962336333636663316534643361356464393232
61383034653064333362343336623533306331633636373035306334643938623135383161616464
65303839613936316431316537613931303638346632653335336331623463363362326265323265
33633939666235633434613738386566383665313035363964356639646230363463623663666331
61383764643938333964393566393838346363353262383032653962613565313266306237643962
30386131353266396538383537333136666637383765633534666335393438363134383538336230
35393165306538366135633334393732656633643933343434353038336439376438306432613565
38626363656232613639646462633439653465643638373663303234663939333164323939663365
36616266653162316134396262363865373139303533383139336562373639653734646532366333
32383934663332356465633535336661343434313063376464393139653734633731376139613835
63623962366466636266386462393435376462346134616164393963356262613539336536323739
34343034383537313834656164353732306131613366663264303062663537346337333266336361
63663338376235373464356464643434616633663435666431373532336137373062626661306661
64643633613531383539353466353132623766333833373531326334353562366232646638653263
35653864643432656333356632303264626630373230613164653065356463616536613238363564
64366231346332336233343930363239393931393335373639633861343936353864653961373532
31653439393438626331636135376235623035643764333532396534613935396335646434653235
31653530306366363363653835633738363764623762663031383532343637643633346335363964
65333438363764656162336537366430386533376263343435643563343331633135653138313465
63353564623334653463396463623031396634633932366538666330306161363938306562656132
30313164643663373166323465636234643938613462396130343439646438396235633562363036
32643636353730656262373138613838653966656637313461393136653736323164633962363731
39333065373436656562333562626536643436316562393239363534363832373031333565623437
62393932613231366139626366646237306331346338663535363161356339366536363433633361
37653438343764343337366535616462333761623034386436343436353061353866
