$ANSIBLE_VAULT;1.1;AES256
37663638626264383562383562346632643266623837376532336231616233353034356361636231
3833363365333065626334393630376436366337626233640a653133663038633037393463393137
63646562366633613333396130616633633736346135366535373433623263316662353264313232
6530386636666334300a666534633961353061386439653039393638366163333366646131376335
30653239643562346662396434393831346432356563306265626539616163663463356438303664
61396331376664326339623130316364323862623466393961663265663731666432653534396239
36663837666562316138313634323031353133633033303332646534636166353838303737306334
34346530323639623033613431383963396330303762333036303630663037626363376663383164
30393934663230653164626438323738383665363965656530343733303961356166313531613131
32393639323638656465353035623164383333613130643834613662306662623338623161656632
62313963346234386463633037333961656562653963326434363133333738393266653730376334
62356165353830336161623632383265333733353237316235356434653763663761643663363530
61313836636438356564663330623731666636363131636565613463653064343564356131326434
64656535306362666561656630376666643962373239653732656539393838326561656163323531
39353164636136303136656535623563356362663065653465663339393233316561346666613539
63393561313961353432343830366261316461636366326235313038366565643161353834356233
62646632633939616135633362643137336563636666303535663634336265343065313064306664
62333436303562663261383436383532636636306333323230653131383536643839643536643937
64386636353464623630393561633265373832616633343564646533666430303061383935653737
32356435396139323932363362346139613539613937323632643138663132623636653433343562
33663565326564323665653438323463333830356564663962643737396633623433633839393866
66346162653739366535323264316537396438386263626465613535613935346163383637323834
35643462396661666664353132316137356332626538396335343765343839643735626133356365
37336339316337623333336336613565376438666530303961386664656236333738613038303130
3361
