$ANSIBLE_VAULT;1.1;AES256
32646231666164356132653466636336373439616539356462373936353464336661306564383435
3865373963316263643737303563633333366337663636380a616332313262303331346362396665
37353434316363646363383437323166383533316361366431373638353133383931663462623364
6335653364396233620a306434303961343133383165316262306632633531333537666130353535
66613233343534616262336632636132343335323464633839613662353037626234313339656162
62653164623033626335636138363537356339343966376532613639623330383433303663666162
34623864386131346134323138336165636333373266613361626136613830663238346663363134
65346661633431313434333136396364626335356434336230356161633565333131653336623162
30343262323564356466333062303265643061633565626636393238353163356530623335383635
33623938323532366165666332363164663730303164636231343239346631383361633966643237
30613532663766393038663262653734376339643362613430656362323735323565343530343436
35393864366137353465643532653463303837363763343339353032303361326637663334366665
39383336316562326561633466366133626432653964393532326161383138633038633834616430
36323461326339343562376637306266306531623265653339323865356632323738313462636533
61333631376564376536663363356534396139313336613133623062663864393064366465333238
63623535633038333436613466323032323631363837666336646266353263396639363933316534
38376361646566633261623466316438653734616538343364646336396230613832373661316233
62336263303632373836326330313733343863323766313335323964386130663830653032386339
33313664336535646230643765626636663834353238666136333237336461303561623262323364
34346466633236333233333731656238333566363737333865373366333961396430333134333764
35626239316361316164386630613732666534306634333334623865663239376162323562636163
63663332626336393662303939623335613930613232316436353261333065623831633735363038
33666630353331613063643638353862643038376465306631373736363031643837373732346335
38646332353436383236343765633237356636336237626435643736383462356131333638303934
35376438653961616164313536303435323865333330663737663832353564613834373630326432
33326563336333386266316237336136316131313630383761393435376336333662323636393563
62613330666666666264386434626139323466336238316462303834633063643163353035653361
37383531616234343434363737353865383639633937386662393262333066366436356461323236
62613437613062626133366461366236616364383364666261643934646430343135386531303234
66323463343862623733626363646234636132313931366363303632313239313762656461303236
38643533393064316364336265323866626137326639373031373030396439386133303134333466
65383264653731386664656266313632646165306162393034396236613039656333656535613034
33666665323862613966353062303034343765633338393131393032613939316261616532613636
65333338323838386264653334633035656264613732366336666661383937366363303432653962
31303461366165666363346563646464633632633462666431323139666230346432393538303666
31633466326231633539383266386231353134376664393030376466313838306234613434366561
36623231333635343734343764393535646461373166613864643062653063386462666163316233
34373365663737653363363838376639376630373334373435346134623630366665376438313936
64336663326464336638353332303239333661356162386465393566303734306230333633363338
37323636323930383639663731613665386532363661353337616634623162633837633364666438
61303535373633616337373731666431666436663962396564353564393365643838
