$ANSIBLE_VAULT;1.1;AES256
66623366323639643332663131373166376337653764376632666535643337366532373337336161
6337363639316136306637356136356632396335383734350a643135316434386163383461333863
63303265623261663061363435393361653534373635303738363865316665373461613530326562
6339313235623561300a393866316636316563623764643666623562363265393765363462346563
31663038373665373162333337396263343763376465316337313438363862323161383334366461
30616631383938333939373034663739373263313537623638613166643737663633353638633066
32373933663061373666623039626237396532623230656637343630333933643165633631656337
66353865353239333038323236646339376263356264326332336237366233653631356663626535
66646266333936343063363830373362393539333930613661393733376435656432306262363939
33303830353633653532343865613634353836343164343364376234653964316537303631373632
31633630663334663036386537306265383363363661333836343062653531396638313130366139
62343432353330383434343837373037366534656665646639363431653531356631393933336466
66363935393038393938323561356231613038373937353332666437346563353637643839396566
62366266326131353730323537663765613135636262343331643263383535303538626636366135
65326161343562353563313732303562303063353065356561376261373631313233653739613033
38373265626336633139353766636333633738326231623333653830343134353031613136646533
38366264656266396338623465313230623365366435373634313236653034323862323239623437
66613133393063383532323263646163343434613263663661343835306536363866616562333835
33386361393535623063353762633664333466326663623939346631303930646265313433306465
62623737343731626433316562323537653937353463626632613835303462306534373335663161
35366562643330383662653233303835333465396431333437323263323037623230353062616132
31393039613837663463373839653737343731663361306337623330656335373763626236626565
35376438373163363464333562633537393633656236623366393163656461626139653837313364
33343362326537373962
