$ANSIBLE_VAULT;1.1;AES256
36313133656635643534656637306337623433643238396136653836666362666436633138376439
3032623631643062633837333338373063303537386661650a653836643738363931326131663837
32633939613435613631356537353163343333306635373030313136363864343738316333353963
3137323265396366640a303636323637663632303936626638323335366438393239353163626133
33396239316535623036323939663530623338373430396236383435383563386165303562636662
36643234333366363563343530313965643365376238643537306230373738653638346563336162
66303966653663613662313536346465633932336363383238326337666234343437353262326538
63613732303863303830336134326133353330623139326231303966373332666633373232663238
31643630363937396366353563386131656339326465646134396535656130323166353230656636
61383861353037313964373462373331336536356634303439336134633035376232316539383762
65623764316462303937373830303632613933383737306435636339376531343663623637313638
35653666663963646132356466373838346537656634663535383461656233643666303836613162
63656430316432373335656538313739346437313764306261333837613564396536383630323866
65373530333133396639623232373331343732623062666463623864303265663730333264353238
61333336363633356636396164386434656237623233373463313066633532383936373064373966
30653563323339653034643035636131373238363366623839636133383664353134643862313734
36623338303034356439623230643237306665613031646165376362343762353863306635346261
32663465326634313733363639666339343830373266386439373139616635616632346335356231
32393937333331613364663135396261366636643364346165633133376331663562396330653137
61396164663438643361633732303362333838646662646363353434616364323239303531633161
33316566626361393739353637303764356461643364383635643235663165366636343163316531
66383364636262626138376465656364653464303430346436373136393831646536623537343038
30616234393535393761376266326164666639303961356134663738623331396230346539333065
39396630353162333035633564656334393431383363333463343663383266613364336336306363
30363633363934663235376638663565323564363534623862623939653566376662396564333265
61666662306666356662633861613262346637333137323434353431333235326635326261653936
30613162323935313637303533343234363762323436313330653431336661373561383765653862
66333134323231353136613964663339396433366561323662656232393362306561633637656532
34316132613239333332316337663431626131393930346566656333313563653437323866393561
65386338373135313063653763663063323138333263393837323337383138346535643636633563
32373737623130373636623465373365323134333066623363616332333031643637303866396137
63363665633266336531393466623238373764353364343835356661366134303463653162356235
31303038356432316662383961643735363362646136353262623265623363333462393166303034
31393932363735636334396130376535383363633032393161356163373037353634353539383039
33313937653433313263393964613366303739633737633136396438653832363935386531353733
39313134353936663866653234646234356261653439636663646461306634333039363965316537
65363564396236636239366333623561366434643664653264623439376361383162663861303539
30666332323337383566643562383565356536363637373331663939343861653237313031323663
64646430663339656362313732616665346339633862663932616164353561643737613263656539
61343261363339623865653463333663653334336330303265346434306630623039366332366437
31356630316466376564346533646366663861323766323662303264306563303437393534633436
65656338633333373737643135326138323066306334363361346132393861386436626261623466
38353763303333373334626665626530316633313937383964306362623564326533623163396262
65656139663130623364356362326462306265613764643437383338663739616237336337333334
63376432616362376533343162313762623332363338383330386565666630643737316232336366
30346133346633393961363431356234666634363861613462636231656631313439623139633438
66616161346262653233313731623732363462613531623239376637363065316264663833323732
36616566366364393063643163656134646634626365636230666462623337366530326332646138
31646237383831353164363264663931636634383162396533623139376136303331623536653066
31653864363835373661363362616266643061363432643865636266666333336565326466346537
36663933306662383165376339663466646538626566373330643035346435643864653965666561
65386564393762343335653131303565393961636336626239353135666638666235333432383864
39366464333231343263666265306362353761343636623966303762306432386264336661383132
66393661386533353863373931373032653730373762643839363233313231663463383230656264
38646463353337363761633761633837356538333234643062633030313163636133653365336134
39363363623531366639383531623962363061633439346664643034386164303366656438313037
61366539623862633738663138616564383737633162366361663164393839393737373534323466
65633964653232313334326165343931386635666137643033306564643764366636663335663930
33326533333863653531633837343730323962666365323533383337636562366632633331646164
32613565346266346332313330643965383962613531363431653535623836386135653831383237
64393664643665663765646365373761623962616264353062363935393431663339633661353761
36363261633138396535343939613266613936383234333866323336393136313932313736643639
32666336656138343035346336646435386262616466396363653738653133626664393461303734
38653538396134396364306139626436653765393662626432373063613238643137623636303132
37396561343038393465323039666331643263656437373435653865356236323964643939346430
64313933326333396439613630646532376532353266306134333263383732346437653434363938
66306138643331396664373162323562363935326637313230613666653332333363346431636564
31313762353232386365363731343066373861303533346661323563333332613937386261623737
38656164326131306238383136616233336666333936363762623933653736643231353531643261
31626239643364313930663939623331336464363834366636323462386564386534366234613036
37373766383434353961616163303538306534633737306264363564666631633735316138353665
63326661373132613734336239316132393636653137383434333634363039346464613737393030
33313665653837336633636566663732326364616631376639663330633237366261343035323063
65326438333337316564643438656439323533643264363237613337306130633437303039316339
33366632376330346634323266386231363038636236366365663139383639323435386564636237
36646365633538393666396664386536616462363037363561366533666364303534373632373466
63633730633762376362373565363765326632383439306564643936333263363538633436323361
65623533613363326566383739326562333634353130376266363036623339613334376134323661
37386565373635383865643932613063666662383738396631383761623334633037656337346162
62663466316635383533326566353966346639383236336332623934666138633966336433326361
66303539656239653233343937646265333235336139303035653533373233663531373063323931
64393661323633373661343266363361656138373037666139326431386239316632323435393132
35326333346538313634373962366535656334366164633939373565316162323333386335653235
64323065633361373862303861663665633737366461383662343730656161303734353065376433
37356634366463643538376334343932363466303831306633666330333838363739616636633631
63373836666335363664633964353566616338666133666261613731323235363431633335613136
39383265333165373335323865613965666663626162363065623334326338303162346439666665
30373535313364396139333730653266653465633333643737616135613933626439653465336539
37656637373433383733386266316637646462336639383535396335643533323662393536363330
61623966353931613637383535373937363538623635643062343932366433313661636365353139
38623265646337343366623864636139303633323437323965353363643963626638616163633039
65643433306165386432633666386339366430356265376231633663366464336539376435313832
30636531326436653432366634363238383937363562313765316437623232656532373461623065
32656330313434643234333338613661326230653537633064633539646663646630626661626362
65626434646432646538616436613161313134633937383837626466636235353138643436336236
30313466633630613466383764653233646233613633613033336234636239313235346366636135
39333265346534353431323464623863306532376232666437636362353933393061373261643238
61653739626163636565636132373831306462326431316433383630643138383161303733646665
65303934333062663031646333363732336133636262643631353939666538636163643131306434
34393331326661313664303361323139663435356161643561373438313464373163383639653666
31333733646636636466313739626330366235303839373339356633656162346366323531343665
61663131653039663634623431306539333866636164343765313739653964653235316363653337
63666436663662323532323539303938616463376437366562323332326432626562633265636432
37653638333738346462616635363139623962663434343934326335373233363766623837666161
31643562326131646135656536306138373666626132323334386239636238383362366164373939
61653662386536623065386232393961623663393966346564386531386231363131653934636235
36653465313132333939313462313631613331353538373037653166333662303533303962613861
64613065353830336537613563653930633233656264396431396539383139343861313537316134
32343337613866623033326534643130613330613430663030643530316264366466393962303366
62646335323530633433653863306632393863383662613031353338356666363862303766613934
63626632383266356639663031386563353632646138323166623863386266383531306138343266
35303431343634316632633538393937383437656538313565303261313565613063383431386638
63653932343335633963366631396565623464646361383532316130663165356230313837323365
65623731366438666434306437633233313965393833303632373762386564396633616134663237
66653731343136323165316464316164393664623931383933323437613031613666353638316439
63303833316461323862326637626631326433343033326631646631366237396166303333316531
61646331313263376135393634663233623765383261343636653064383566636364356166336430
62653332633838393366376366623862306566336666626439373736366561313835666365643530
36383534343461613837646339363765346630326262333034343862643064383462376263666436
35663566333333663463616165636463653066643463363836393432636336313737303832643733
34333138393166373138643938333532613462366636623134373262653632626538383062336338
65633039663262626537373463323561323235646533323332643263633763666437353236623961
34356566303761376132656130636238306466366236653730316331346563346163333335373136
65663039663662653636353563336236333166386663313963663761646338326565626634363332
65663933333730383061333265633062613430623239646236623537373165366461376466373937
32366533366439643265393239306162326461636439626563393739613263336431633764303035
65613839333063336563333966343236653231343136393562386137656239393164363963653337
34633664396662666535613566363163633938323861373866636536373461376435366162636361
34303561326630383465303032386637313037613965363434343363616533303939333332316137
32623962333931303165336133623232376131386264653562646136616237623736386262363335
34613362636332653634363738396464383163316137616164633330666639356463653062616637
36643361663863623732643037323166633162386131303934396534306532396133393731653730
37396664666262636336613934333431373332386435663061353965663133393366396433353464
37303464643636633162353362343738623336343838396234393064356566303338646233616662
35623637393638393838616136393036343433303165316333333630633063653332626432316230
34643462313362643363646235653863656432633235303265623762366462383865396637663231
32343565643634326637326334386363333737663036396633643834623735636539356330636338
63363639353165323764656133383635333034393466373032336137333733343662393030393236
38383765346666383762333363636565343166396133363039303536323565656234316236333330
66653464356330346130396336373130656361323564653535346364326230356465643962376363
62386265373733366237653464353036633962356466616538323635353265373466323833353035
33346362373564323365396362343137323733376161313633333838373137376534356563646232
35353662353832313430313061366637613665656261653465666335386135303064343536323832
66323230373163633637313533633634393066306661343634626566613430653630616364646231
64623135646336663861326265663232666236393665653934333765363165353065643634393837
30653162306565346332656562616333353537356433333662326134393439613839343461306435
66343362333264636361656538356434646235616238383964363232313537373037383934613432
30653533343732343164663563323638356638333936373631616137306231353464373032303262
39373561623339393235626366633739306631336430313966336564353565363066353639623863
63623735613062326434393863616538366237633330363234373234373461373534353738346231
38643239663639323566383133303937376332313764343161626530636564663732356263656337
65626337613739353033623733363135356137616233373764396134633364336135613438303364
31643836323232383666373763383965353635373361653165376363613738313366343732656536
37366231326666383962376638323262623430323664323633373133353065393061386230666339
66383134653464396337656465383735336262646131353038306265353161396563656430623664
34333237336163333966356332393139636534323065626165396564656331373737363065313338
62636266383861303937626434653763616665343436616532353935656334643161353638613239
32313633393938386462316637373435333762623437376164333136636335316235356365636430
63313937393536333837373066313032643537363765303834383161653561626562306135343864
37373534333366623431333763616231626365306565626165383531656264333731366136616664
63333638303464613730313231626139303130623666663235303230346536343161383762303734
37376233383338663564643535326134666537633265633139333732386337343935633564323362
31336532323830366138663935373635613635653565653538396436323065633235396264633932
39353263376334396333613938353332383837653130366266366135363430343730616163663734
34346535623937636561636461326439353061336336333865346663306332663835363032333265
62383461373630303733303362643637613865666634376130303263363133363966643539306337
30626562663539623262616137303137613731333434663062663264373461366634336464646437
32656635333235653332656230646564313833663936346538323463663235303963393462306631
64666338313966376566653536396336306264623035343636636436393763303635653733306266
32386236333130356136393631353465386535633936336662363737303832326638626133396530
30313838333332353261663665396536393530363235636432376438383565663335663339656134
39333635616632636239343333623337343761666261653863303861326466313664666136326234
39326335323230326637666439666362366630363733643232373633326363656430633166383133
3333323961343765386363656235343135306331613266356536
