$ANSIBLE_VAULT;1.1;AES256
35393033653733373537353939613335313035343238356139666639313963663937323530383862
3465356434303664626266376133386534303630333536640a353632643762393131383064323264
62373963663133613663326362396335653364353866303231303039326239323938373932653031
3236376334303437650a303038303730636135613532626332363064626361353163346633633965
32366435636131623835343737333533393366323534646335396538373639613262663439373733
63626131323465656536636434373162313639323333336537323364356537363538633937396562
33396437656238336432346530383130363465386336393330306164623939326634336234636538
33313139346163643438383139646238393039373439343932353832326363373262333835633639
32396237386536303233616530336465656139316234653764353433646332353564373264366661
63383736323131313165396132373861383134373663633931613464373836363832633634633431
61333634633032366530353336656166343737633361363034366639613933396138316461343763
34616361353131353531353361386132386466333739626133316634323939326636373462646461
63393838373863663933613434616133396530333431366435643366313833366433306539306165
62623864363038393265336462343634623138663665616333323465383230353330383536633336
31323432393235653164396331396632613965316634373466306566396333346532643936643836
38303964366363663839323139343932396235383231336439366133653634666262386236313661
34383235333033623030653430393837366262356639636333663164623737356539383163653065
62343538363935666239613336303363353731633133353433343239373737653636656262633532
61646561633163353165386363616138396232353131383665336163663765393166633736613238
63623262363635663631323031306637393533653034633439363437313730386561393531306364
34383566363933313932383838363630383431373436663139306464316232376664373366336230
35343264393336346466383566343161386264376532343933666531656431323937383766393132
34653965326132623565373138366137313264393264636139363932316336613563623233616233
36323234316636613738313435613537386565626465663531323662313466363066646333306339
34313364633534316536306466386138336133313465383634643639336635636235306232623462
61323462306334336633376165373232346530653634656639343930313237313266333833653735
62383162383465366335616234303061643832626335383366306662383562393966666636393938
65373734636235323032326165386638373365313061336364333461386166386530376664373539
33343465383537623862636665323164626538383863306135333935366562356430363631363065
33346532636335623331376337623839626535333366353664626137656536306463353937663966
33326263386262356337623766356535306530356364383562613463626535626562353835316332
35313534373435313934643039663065653866346330613265643065303833333064376135396539
61333566636463326535303730333064303738333566376265376162313064646139643937393934
30306531643731646439633335346430386132386566633363316561383335653830326634303837
38333331643732663165626233656630313038613566653234306164313733633539313764376366
36393466663431396437303237633739623265633536633731313233666139343066383435353461
31616638356231386463343036303166653662376364613937353632646161336264336534323635
35383737313137383833396361393261386338333139336532303766393462636261396132376162
64623830393165653339636161653239666532363535656438666339646533646165663464656565
62336537393630633366346263633036393262393762393338623235366531613663646136323966
34613866333336616465623039643035313632366134323364616364363161383434613534316262
61313632326430313736633061393933336365656136323231633730653236356638386566626334
65366635343365306633323264373737616237323937373634616665303432396436643232343737
31633834353063663833303933356238353930373032386162633933316631343530326638623834
39656136336164313465393934356262633364313032383366343538333866313565633438306338
63653335396363656261623064616162336665343135313565393866336361303839373034653637
35613866383830326266316161343332373439386236343564616433363162386632323939396233
33623965646635323931353035326466323263333233306661613138613938303330393764386639
37343931356433393338323163333965336538626438613531343930663436663565313563343038
35343633613033393532333336383365616636646465306639623861626232643164353133303730
37393333356534383063333739353337386131643136386630623763376362333562306565633736
35623634303666313136353134626466633737373561383830663265623836383939313832323861
36343234323265666639653537623438626539356336376233343638386130326335303832313436
38373836383430353466393339613863323564616638616162383037393635643865363265636539
38336134336565313231643339633766353765366434646139373131346639653039666239643065
63626364633638316564383838383038626564363032666364316437376331336439363937393964
30616332303631393561666338653165363762326361303565623836366561643232373464336563
32633839633061396539373731356566613063643138636138663535643937376265663466333265
35316664313662303537356632393737343532343538316630663964313566633831333835663231
62623939303664643332346665333562653263666261613061313430653266326663636261316536
63366631643734373836353739333361643031373432623164373033373135316337626336366264
61336232363666636431323266613664393835363965613034343766626166316434646236343264
61376130343164633665393730316461666239303464386461663964626662663033303635303830
35313365353238306364363834613834396430666238313232623435323232343463633830643533
37333266623637623862623130393534393735343637623361313435353933343839306361343435
39663362323332626633363765343331633264393461373639393633343965393337643862303762
62306230363663646137646361643438666335346230613966353065636461366531646633623539
65653862323834313262643137393265376431613530663635316333633532353163636233623330
65396637636561303535383330373133653238666333623464613532616333333235313434636663
62383266366532353539316136316138616665313730613963373061356439393033386332616136
35393062613230356437666534373761393137633430643662396634633537626635386362666364
33396637663431343637393165623366326465323461393961623937653139303435633361363830
63653763373131333661353630306432383765386631373638303364393534623738616133353962
64333031613762643532313561356264383465363036656663336636313134366530316334356235
61613639393462626265646231396136653264353939323863343639633064336437646234313836
33336265613934383735343362373262653535383662306236313762316431336538643264323334
65383362366335363435333533363261653639383265373234636438386639353565396365313966
30616537363263396536316134613232383638333062383032663033333936393733643735333836
65666466353666303065346435623432613233326666653164393236323334663736663633373861
66333535626532356634663130306336393435353566306464613630396666666163376333643430
62336639303363646636323431643232316565663461373635316134646130663562336139393161
63643362653966333538326165383031373930633834616266666163626564336331333964636531
36623638343334633138643037393165643261656363323239353438333566313531626436356334
38396333326365396564366164616466356232613833363639656462303739626266313437343832
32633761303835663265306338623463666430303436353833303534366537623436303633313332
35313364656236363831376135666462303765353833303238373235393737643036366138346366
35353732653033386538646234633165393464353633396338316233646436663837663235343231
33653738653535363333666263343232643663633836613330666331353932373835643361646637
65323964326366636236336266303930383135633935666433353031326330326664313863396462
35306565613632363864333766613333336232376366393362383631623330396337373261346564
61643939363862353564653237366362313633333865313934373064633062373330386461636361
36336262636131386631376165363361313361376531643832353832366432386531353238633161
38373266353730376662313930373531663532366536386338666638326438636234376333393038
30666138373036376362363365383935663136383437633539303534613533623061626439323066
61333664303333333463653237333231376436306365383732613636336366343835353835636538
65393831373434393164646262353438633430646164373664343734623131393333353466323939
38353432393733386633393664343238343336326364316162313731616633653266666564343132
65353863636632613239313539326363376639663832313136633736636236343264323563623035
32333332353430626237393264303166373963316430393534363038386639356139666533653037
37633062626166396636643434396536613062633236663234343737623933643831386335643732
39653663353837643939323761663465626264663262633965336132356133303936633635393537
38363962363864666539363666346433623038646536333030633363323931323738323832363530
63613536666365326339666330333830323366383663383437613365393634623630623333366635
66393730646361666164346136386463373233646331663433343631386631643061373962333865
64383063383564373637396265306539363734633766343634626461346632393866383037383661
63653338326266386538396265343532623832623938623535303465643162393261366461393034
62326232353961343962396230373031333239613131326230363836376134643732333431363834
64636163613132666665613138343861383666356465633438663934393665303062663132343537
31343133316165653761323863366635343161623639643963663036663061636139366337643534
30393032613633633866646637623462343932653763383432353931646139643462303433656237
39623866353737393763333132333564323334623535636464616432636661386336323366613638
39363036363537626339313763383963393061636339303237346266636166623132666531333931
35366338373238323738633463616134666437343930333830356634383039343062653064613861
63633434613031396566363337353234353165343363303761383666393331653966333737313764
34643766343036316131303235396561653661656130363265656238363538663364356538383631
32346534323532613361393863636532333063643938646630376332633933363233383237643961
37373838306234343666363630386438643939306466336333336463663761316134613963393932
32656633616361623162363561623331373365333631646239333863383338663262366662363066
39323261323661616438643633353239356436386333343766356337633536323735386639353134
63666230613834636466303034626332393237373064316431303366386431383330366139376131
62626430613663663335336336663435646263383231626639346662323966663065333538333838
62303039313362303136363739663865353630343931303037643632346263626637386136373837
33383639393161373732313736376232626566303064313164666362326665623034643131393536
38383232363064623462376562646433323766316335323563666661363461636431636436353535
36656333626137333562333063396466383364636434313764383465373637333266623233323633
34323564323662616162656165376633396663626434306363643438333934373866346634333831
35613262396465373937663066353232363536316264313638376138366466396132323065656361
62303337373438343363643332303130663462313738613037333638383461343737633662303264
62323130393130643864383030646538313638653765303430323866353364376136373766303438
64336662363939383530323533383033643332373063313931343964396632393166663036623762
39356266646633656366373639353963666633353437303761653363373239306362376632353739
66353332616436383438613833326431333966333830623833373137313738323636353061336263
38613465623137623833376635393161343463373838623633363632653762356635366661626366
3964326530323863656134316532306266313334626535333631
