$ANSIBLE_VAULT;1.1;AES256
39343264363063636437393661336238383137363061323537326530616433383436396539613362
3861363562316432376566343863313630646338366166620a306138653539313036303034363862
66373463333261646466396236623436363036636631323132373462353936306661636161303630
3639336233326332620a613832366633383433623132613266316464666436386239653833343062
30656262303665386462666530396139343065623266306430313034383833356438343866646639
30663039613439653436633866363463386464373132303564623332356165363062396130623631
66666137366662346233366531636531333263613565316562313232646438643930633834303936
62353066313763666431623461343437313964313365336131626662666234303435623037633130
39623431383163356234306630636336343031613065316435393730333834383232646163623230
66653933643565383665653135633462666464313037663939303336653466303161373363356666
65623538613963383436356435346161356538613466306639356562346138373330303233303435
34326161316135343862653963356363393738303938376339303961353739626337306137366561
63636366663537636236336135333862613262636632393630393063333538646535386531623530
39623166353932306661643461363930376135396236383266326231613136633935656638363061
62356637343963323239636639333234656334656331306438646638336636336438643534346131
31613335373536333530303066323464363865626631303437343231323838623239663665373166
37666431326565313264356666363138333431393238393031376230333530656564623130343835
39333334373934343439383664656137653431383366626363393837343066613764663634333030
33316436323439326435633032626637663764353936333830656162313734336236383466643835
39303738613363376632356639343166653232343432653565363538666237383032336261386362
31636637366637386264303935636166643034313834383236663465663036333336343839363638
65353864636462333265306462316238343731616665333764343336356664616232663333656130
31656263636330626430633233363339666635343339376537313361393564616237633938613535
35303033646161353831383066643664313461313666326539313133393137343265356165663730
65613634333962333363333132383761393237633936356364616639393262653634333037643139
6136326162643335663533393166316132643262613439333637
