$ANSIBLE_VAULT;1.1;AES256
36623766663334613231303530356136333333356330636366363661663261623334646362646362
3135373036653861666362363236616262376163393032340a613762636535343766323464636236
64616165636162323161366236353239313033313036616462336264643563356566613536326263
6435626562613630380a626536623234376661336263323039323462663061306263333564653137
32323034323934613961643435626639623964396136613435346363316230653861636261613561
30623738323761323764656134626139336238346435633963653131376431313165636237653935
64303666303231636163396664376234646564663462306162306366646339626533316162646636
61323662636161353130633239376132666630626339333332373039613964643633343261663034
33633136636339303231626562643633353764643032613833653936633066303136643163363339
61383931303432636335646137393465323138343365313136653761306238316266336137623738
31386534393730623062316439396435616438326537653665656437633136383462333762366632
38323866316633373463656132326439666663643537376535343364636232643264383435663437
63633035383038326166663237623564363062386137626133643733353162323033343532656230
64623430616566383539386461373334626534383133373435356436633462363936653038303735
62346533333136356264633565616461633739356362643933343261363362363266363364386365
62633262316235343338306535666264653330633464646666643337663562626532386662326238
61643762643137323537623339336239323363393265353566383030616164396136326637653139
63303536653034633731663636386338333336333061313764643934323166383964653361646366
35663361383464353730376233336566663931326365643962376435663761663039393464313535
37376562386166303765336265363966663034633730613933303435306136343437376163633866
63336237393137346538616663343666383833643331346537316236313834643866393164653865
65303332333934663663613035353264393433623766663431393732646636333334663838333335
34393565623632663663633265616137646266373964393133376436393862356464653630623533
35386432623931383338303131363835306266363732663662633833643061623132633762343537
38363661626134396633363036383533346263663936323665386435353566343233316338323466
36333161613031363930623366643437383763343639643031313333613366383162663963373430
33346335336362346137643930616634346632316463373236366235616539353235383130653564
39623062636236613337383339323363343633306533363831663664343935316231613766373965
35303963643733383461373930383336336138336262396461333166326131396634373434356433
65396164616434653336626662643438353930333030393763306633663034363432646662303330
39653064303830636638663566343436393164616136623133363663336466646231393763393634
32666666303435323135663231353466633566343238643031653633623130633935323563633161
3033
