$ANSIBLE_VAULT;1.1;AES256
61306531653530323739346236613336613935303839663030623265366265616135613136613039
3761626230386333643763633066346634666164383236640a333230333331363933363832316339
30623234656333666235353339323936326338393664633061663830633333646565623963323133
3364363661633932360a653236643666643561373263373035323037373338336638363731306163
34313736353365353539623662326661373835363338343537613566363463333564306133373036
37643039323037366535316463636137613330666231353561326432353036373233656430633635
38303238353933336465376535303834613863616261393362323035356164356163316339356465
65323733656135366262363263613134373665643566346331663732356138623862313664343632
33383062323336313233616365343334623263666262353538383934643161653737323039623337
61616431383562343436393632663063376561376633633764396434336632366565333662653733
64376632386535393739313034383563306364326563363134326661623964356565303262356133
34373434386631616362343966303235313136396333336132393366313539366539316266346665
37613164383164333733636361353465376534373134373330333230346431306164343131303737
63383734386166353534313861396434646333623231316633306164393833383138616135393535
30356466643730623535306636386163626565373331393136356535326533333835316231663231
64303266666563653935353062303232343331663262386261643630346135326438616639346564
32656239616162376563663335626261626265643137396364316161383331396636383137653639
61343765313731323531386333666636616130393737633930636363326339373663366636663539
66333038636264613238303362353962633731396433333963633036643464393033623830303662
39323634353362373038353265323236303235383337643433343961326663343136376266386531
35383264633363313935656233663861313435336235643565616162616335316463353130363439
36356430303765303731303431616664303635656432313335656438393136666362623538373234
35376663636438386638396366336530336539323133646639663966646631353965643861373232
36326538666465653034343864613266373138326232383932626162636430613832363861636438
31616236626238343364306365376163346436386161653733396138333063343739373736373035
62373861376234663135623230643066376561386235663735663962626330616266306366323237
30376262396632616538643266623134613937393534343562343734376366336333633964623261
66616562643737323665646230623131356537386235303865383266353662626134363230626334
36353036623966303038393066326130303161343163623536323364666665613561626566633735
33633438336339383137353236626332333734623966633162646132663339353633366333316630
37656230383165373365356166323534313532616436633539373261353763616438663366316536
38363432643966626430633966643433383134303836353339373033646266303266326634656433
30633763336536313233376630623634336333623339303064383136333338303834663533306238
32313439656332623130356632626263616166303935353831663037653966303039643630313632
61656235383835373965383033666631376563656462376666373537643061323262386661333432
36623538326434663133343535626231383065653661613338376366653062623539623139396334
64633531323963643433616438653063333464346234396436303932386462626639636662326638
31633064356165363530613066356139366435373031663830356132303433626533653761356564
31306266333362326661663861333737666338616633643338623162326633633134353964336264
38316662333262396234353732613636383861393466353962306631653461323236383165396335
64316531323338373834623231656439306434366332373734666236616633323531
