$ANSIBLE_VAULT;1.1;AES256
66356330313364616638366364653339613263613133336636353934356132343665616331386433
6638396339366336346132343538633961626662353739610a386438323830623731663832663036
31303061663435663864613064613665643764363563393663373137633330646166393335326638
3131656664376436640a376666326164303337666663373830633830616234333066336366323934
32376639306238643530386563333365383238306233656538363938356430636130333033316334
36306437396562613337353535383732333035323537376437316535393064623062343137636131
34636265363664353766626433393131656236386234623838366562396364643030393339356462
38626462373064353639653330653361663239386431356533353635313836366333336462343165
62316333376438336631643961323130326265356233646535376430633965623765343035376561
34626439666536653863663465313937653463636430353732306533306238363864373933336262
38363433616661343635356534653034356230333839333735363665366433663466313336626437
34343531306432633365366365623463356463653439636534386434306133636665663030306335
66653163636235633835303261623562393066323730373531333666306166343565643066346234
32393833313366333436303266376238356536663663376230316139643839396464666138646435
30653734636663326136383762663838373730643762633230666434306133346331346662303165
66623362626535643464313537393730376636353361383862336134643362336233366363623533
34643236633933363235323965373936386338303265313164303031316135396537366436373933
64383931623730333062303831323930643830616164393337316262343335366236653934366262
30336330656437616262613531613431376364656237393032373230383135376265343732336564
35303236383438636462636432383837613266333632656161396164656433666532313263643633
31653934666663396266623231643933323331613864383336623831623536643530383136623264
66326465383264616336656263366336633130343137323636313835633136346263643631313765
36303332613032333937353931663661383237313861326237373430646339376164383363396435
61333336623466666633636632306661613338343734326361323566643364663736653036313565
65356132613833393939643631633039393432643333373736333130373063386333616336333562
33303337353561643965343565333365613336366637383265616166326535313133663766313032
31326238653265393330323535393761333835393634626463346638383934373139613939666262
38613566333837333337353430316364333434623963386662623065323938373234326365653632
35646464313832386266643263663663336130393763376231363934353066343135633933666630
32346436353563303632383933333666653665363232343234623536326231653739633837306233
61656361336135663338333361636532323433633331656262313365373561313534646362323966
64303361336134666639346232656137396666336461393135393833663363343838666265666638
39333138363730313533383432363335303862323637623264336330353936353063323861353733
34366539306664663734396630353863613535313136313064396637623737636365626334366166
35303164326233383064633937613234376366353339336163303835376561333737626465383636
66636334653133346336316334396363663137313938353861373262313561383539393264343636
66373035343266353466363230376364363865356639613263653131656265613763653539653466
64303464363232333534323532376432613537333835613361313266323335386336613531623932
61653739636666353738636364363233396262353738363264326630353137643461383261333035
31646535356266353666306634653835333131666663376532326438643866636631373834636431
64313538633564333636666162653332663338383837613234363461626332623764
