$ANSIBLE_VAULT;1.1;AES256
63303866633532326230656334323366346262663039656134306134633761373630373462313836
3034346334623662363662383839343533383662613563620a343936663932623239336362353431
66653938623933363239663838613061396330393737326535396263363035613939623965663735
3633656632623762630a336131613336333362616563626437343766313935373437316236396266
32336435633663373930616438616464653834613836653162323331653336306637363338396138
30373666623535343635626134383765623731336335623435343164653730643334336435313237
66636532636230613330616536353139363765343234663066356164336630373533346337303836
34623765643733343030393262633164636466373263306362653863613161346466636562643638
38336238316639636531376236363665366464663262323261353665323238346538386135333866
30313961383839326533386165353530373061353663386461333934333062613738653132313432
36373665613233356636613263316235343333353661343063333737656565663832643033333331
34353466653930666536326665313237616461396134346332623538613233616133613665633666
64363165343638376565323739313337366432616230316265646632623939303966323464333730
66373939323462623266653666663439323839356262656132316330366335346139363331326461
37656336373738316234656462326336646166346538633036653566363735613532313962616134
38643639366138386431336565336134613533633536613666646536343037333135353731623864
31316339346131616264316435653631396635663139616637326138353937363439313765643066
61343864346234353464393634313336393065336163326237633466633538393539373331666564
33393432323036383533653163376133313839653833303666356531666136336466343361393762
39326431656163653038616232613135386663633666313361613631623431333966353736663866
38383264366239363162303339323136643337346433353831613733616536323137306338363433
61623131373430613531393936306361373231343930373764393833376638303265303735343733
33366339336463643465343766326161643038626466333630356231376533613135653139346234
35373631353564656664373930383237383766383266643137313565303836363830303836316335
63656334313339613630653837366637303064633161333333383466373037323238393833353538
64623230613866626631393036653165653635636563303462613266363736663037643662346161
38646637343237643430393734393339323932393930383631653031653063393137623462353965
36386631633662383236626439303932356562643238646630643735313432633563626638346238
64623164633433343938616666613838623936346136303230646637383838303439343363636566
36353835626130366666343064316564326631366631663062643035616335613639646531633433
35303937613032313233643734613166323838326633646463633632636534663034326165633334
32656466656136336166643330366230303662633036363534643665633633333263343665333637
64396535336138653032393435383365633931656334373932333066353137346330
