$ANSIBLE_VAULT;1.1;AES256
66306133623435613836383862346661646465373031396630613164313638363134313963653531
3834376636396135383531373833366262386264636536320a386637386363326237323932363162
31336665616563613934653431626365363036383332653163316465313962656233386630306436
3262353337376432660a623930653661656163313733613533626264636161326639323033636663
31363665636633346561633062623862636130363630623463313238373637396636343262376630
32623366376366363566386237656137353161636431316163393034656339633333366534373731
36306563636662653637383439383032336133633136323363333463383462363036383836346661
36643361616365303262633465383536336433626539393632303163363636663032656564333031
30373662323966363065353762323239616138653463326534303866336565356464316566333033
66636637303537373464343034366639363164633531386262386239326539663330303434316134
63656262323363643434616465323933663266313532626165373835313461623932623837393563
30336436633630656534663262613363343364663566343535366236306536646165653036626430
36306263326261643534313662303061643438636264666163353832616363653232633033326265
30393364343465393232613832643936626466643038616333613833643034363933633531646530
39643163613538373732343130636363316337336431396663613437613661326233653131623335
64646364336533643031623866383662656164656238336135346234313232666366393737396466
34373737636232663065636632613539616161326538353965656334363130623161346335366534
37323739663865383362353265326465386238376664393632353137386236353932386537363763
34316639313534366161623262386537613463663066663031346666656331333939633139333836
36333031616238363035313735613536343066346434386534656535393838313565313133386162
39643836363661666332633534326663313433373938356630383132316339653063363338373461
39373338353861323037653335316334613362386265323438633331333466363433393035613562
61303632353834333766643736626435626337326135666132346431613765653237323935373031
63653432623334383839616130326630303662666162363932346431626535613461353133353535
35373463616264656466363265656633363537633539376665353761366431663237323162353432
63333837393236626334386164656435343837663936353930396363346261653137643139316436
34323736313638306164666539643065393237323065623837303737613737396135323362313531
30376330386432363863363966643266396238613561346138633239613633363138643062313537
64313931336234623430393062616139376635616133663131376333386465343338386430313132
35616565663462656362633133333831376335663433623766346535643937363762633039393839
61333830666337313136316565653833353035313261343038656637346235336236643665383063
39333237663130616461316564303831313431386462396233376135613039366165663363656230
65633661623631343335323632306361376233333537663732333034316337316436396539343334
65356338323430616366306439656339393631323038366638333334306435333033356561383061
63613134323431353865653839653431376663353763373034356238636664623336306664346161
38313939646639323237656463633662663436323764326230326465623363616163356537323333
65333862323530663863386661396433623662666430663933346435343330363334326162306162
35393962316331306635316335333538656239623938666464376535366336346630313938623665
62623061333530326334643637643562313235306438313036366162623835313165373733623531
38393335396335663734366138613130386661616531303737353363346237633234303135643062
38363539333033336331613837343139616637643965373031326561303838616534
