$ANSIBLE_VAULT;1.1;AES256
39633837663663656432323065353837393732393939383139336538333832353539646539343065
6534383262643737613761396334353430626339373335310a343132623336393635636263633664
34303336323565626632666565376434646264636534323263633965306637366434363334346637
6333343763353061380a386166306439386431343736396363373532393764366663666132316663
61363035386138643838643731653232663134333562343435383730393536326566363436656363
35613864343662373361643231356333646536326466393865383764366361306663653762336433
34653433303139613033353663663363366564646461663031663136616161396430313933613637
34616238363233613933393230376263333366326566326334643537333736626361633339313135
39613534353833323661656230396263336535316663306364393233393165663334313538303661
31386139356238363164306331303036666236343965373635356339373434366562376339313135
66636661623464373532616365363838613861643065363533663430623636333530613332663930
37623061353839636336333966636666363565613130316531613133653566653933336335653236
33376138646265623762376234336136663963363663303030336233393837363763623233356561
63346539303334626664333133346138356164343662633637383538393939323337373931306266
36643638633734323764383034363938333932633566386265316565643466363730366266643462
32323032353635356265366461313530303763356330633064613436636232333130666431386632
30316363356232383363373033393663636362366332383761653537663231376132313935356337
34616434323833373630626234373737663762303262333463326439643831656464353661656463
31626364316630363532613339653332613433383330313739653836373064343831376366323833
64623438613130633166343837366338373965336236333636383635303336386435633264623738
34333939643238366232663139653164383763333933386233373362376232306430623835323830
65316234353335646534626634323334323238383434353836616461333831386231323034646662
61643064373939636362303164363164393131376164613837663634666433636631613530633630
31363561643730643737366562373236323865616533383563316337646134313566393432633732
37613461613439306538323432396534633132333031613730383139396336623831383765353530
36653863383435633935353462343064303334303861333138393631376163646530363839303963
38663335383531396366326234666165626538373437626238346131636462313964616565306162
63366661643439383266393037383765313262613437666366633362376434623939313839356561
37396635393933626561306533636630663333373562353530386532656330613833636338353464
32343164313465353331623939616634333633626264346137326364396239623961663132633230
61336662383233316136663662383031313633366263396535373661396330613233353931636365
65373036346632366436613463626434356561323537303933373735343763353630303364646530
36393365316434356564353831313936393930636132613066366539626361373739356563653832
64633036323236363634346430653931636331613662623238663636363831336131613665343664
65336362323331313863623533393238323133303335376165373138383139343339653031366664
61666536623032323430373831623134366364323532646165633364396339336461626438363361
36353836343336623031373735626661333265326233636336653666303431653032666233636366
63623466326133366661303364656434343062383439303933626237316132326334306537336563
34353639623735343362653338616235656366396232306565343234613465653762393234643764
30643964656434646139383530366662643538303361616461313637343934633030316263326530
30373233616263393338343435616265633232343661613662666466643531646630
