$ANSIBLE_VAULT;1.1;AES256
64333733366631393831366337386234663737386235366664326132626439653330336530303734
3563613234383135633233353331613334666636626161340a643163663437373836636663383435
66646635613066666165376464643736396636353931613331653636633932373635663038636235
6639356361376365620a336161376534316437336636386236653632643163663831616434643136
63613332383932306534373962323665636237333630383831643836386165303536633464653635
62613633643563386265643963336530333535636336663363646664663566343633613465656631
33386666663736366230386263636163373365373462616133353063326164316166333830376434
37666431663332393434353137343239373332363731666639346331666133336634376330306131
31356531393235343138613463333131633365643439373836376638646230383236353838373436
66656433393762643938666632636161303966356530373661383462653066363766306262386565
36336533363865336530663732333265663332303331333238626634333961626536613964353737
35373031363734643237666632336334653261666261626334376637363934653631356230373738
63313737616433323864306538393861373839383132393233316163613838336264636134633234
32376630396339376337353931366365356435333365303532396435313539616466383833346466
37323933633734643033376334316130336538323635613835383238633066313765303864393936
36656137343466323036356239386236393539383862666533303765643866393930373663323931
36616635663138313062653962663633383934633065386335353331383531326539393963303639
36323737336630613464653364633536343534663962383537343365356164303438633566636635
38383938376161666664383639373461396337663661333632353936396166316430303133323633
30373133323236366533616237393961393636306230633537643134306365636136386330353862
39396365333534336465656430363939373736326135396635313031316436613135356231653130
62633438366236373438646165613437336363396361366230623331303135616361653537303630
63653665383839633934393966663934383435353534636533306131353235316334636237663832
61343338383164636263643738646437656335616330393838396463323836653762356135626536
35313031373961386566313965613261353432313637636139613666333334663538623237613065
61363865346564626331316231633339303639626561316338396434336432393039303538636430
36386131613663663261353363366533646230643639326136663533663437623365383862643466
37643662326631656333313762666666366334633835336263306535653365333634636137656634
65363035313764363039363633633266666333303161373730353630636639613637323139393537
62356564623534303632666163393164313665366661336132326633616563626139653634383065
33326165326163653237383938623866626365616166333965363361366235613333643234653934
33323435393965323530373564343533326363623433353764373231383136396137663037616365
35653639343963333361373237396234326330633837333863616164336435373738
