$ANSIBLE_VAULT;1.1;AES256
33633363376135653938373062373962643730656532623563663262323764616131633731646665
3437386230383066386162663735366431373632646264350a613430393438633464303533393663
38663961376239613433636637356462623766646234626332316137353139643634386637666230
3666666165313232660a313930343464666231316532353436336635306564373363386138616533
66383838373837666237666630623835623035366331313661303632336231666136383162653661
30346265303934303832656132653462373761663461626532623666363061613766363561313138
38616466376338343364333865303334646538343831663866396633333232633032616362383934
66663337613865366630303964666430326231626561383232346536373235393062636235663338
66353935646661626561383430373431373432383138316433376465386266633639333230643335
35363930626533353332393735646637616133323166623066333431376563646261343762353230
62633534386233623535323931366166333562343964656230613261623438626234396465636633
66393739653938633332316138393031303663366438333432393434323262386363633037386339
34313637366632386264366430623536376631306661303962373435636266373338613664363935
39313039616363636636396366623332616432313935666335643733326161303637366639316235
38393662626562306439666564323638326261613736306333623830396536616362636435613838
36343134343339633563306237393061313864633634313438616462303937326534613061653538
63623863363539306631663563353963366132626431663733653930646239383032333763633433
65613461356538626439653030386534366236366531323330356432653162383864636536613535
39626266653339393061613536646337613333663661313665663138653837663161303036633935
66343230613830313230373934356433313438663136363865373934653361333032313832333734
33646438333434626465663837393361356531363666373433626666366361316437353635393731
64646663353432373133363837373639353731323235396566613563653766373832346265353137
63323138643534306236666130366531663934386662613963376165663566313837666636666134
36353133326539326262303165663364363334636231643432316139383064326364633637623661
31313230626639343236343438303236646666323938313565653835613432653630386563646665
37633565333265313761623764623336336335336632653264323466383165333036626237303261
38626437636231303461363462616134363132656165656339303732636338383462636137366265
65346336316237363531343130393963356565393439313833373135633936383833363866353566
30356566633462323230386236333862643437373165643361303035376261343032353033343031
62343630353236393535616433663232303361626661303032623665626436383234613238376463
38353231663238383234373834656537643065383833336437313633646162386132346237613130
64343964373333366234393231633732326466336234363632316131313139333139623935653662
37643530643164623030333530333763356230626538613138356365386364356134323536636165
62663932643733666138653461373839613330616534396238383233313866663535326235626231
35303337323466353233613931633630303733393339383733373666383637323032353464376338
35303839306266646637626165336161343830393632333731666566343237623465303163653536
30656539333265613531623538646431646333343964653062633037393036353931326261346437
33363564353966393634643564393336366132333465353363646534653437666330353931346236
38306438303338616439316132643663343265333963633766633663393361396135626138663263
36663930303038376330373530653764313530316136643638626333633730666539616263613037
63636132353763333066633531626332393662376264613330383130343731363937
