$ANSIBLE_VAULT;1.1;AES256
30303361306432646539633237633431626634353361363730313831626263373839643435616635
6130623333343837326562393264653439616630626235350a616330666663346234333430363030
65326137356131633165393136313839383264366162653032386365353964346162323936333134
3665323237386265660a313537653231326138656135373262623362643265336637366566303031
31613936353665373563653135613234306465376632393461373432396131386562303231393364
66613339616362316337333765396364623934346336616436613036613138313962383333343535
65646536363936636135616261316466326461323162343633656238323931306364633634626232
64656361393531663130613637656638326638666135363663396433393565353365663038626439
33653335306363356265663837623834303730306564653032303563623531323831616263353463
66646530366435373434633632303465396430306562616565613461316435363333383832396234
65633537613666376263396333303831353763343034646261306233313138623665303032643266
31653463316139393735613763616336646662333538313864666632303862353137633131383834
66626639643039303835643436346631656262303731386130623461323732346666613363353466
31633834313462613565373233343538623164323832363335343835633461353532383063313836
39633762353436366639333964376235383631393631663234343666363036623234316637616230
63383238646434353363363932626637663339303235636338666134376461343465663665633165
64366666653134653064653763346233633030333130383631636462333232653531663038306365
36646239663237643836346463643164316538316435653532306230636466316131323661393663
33353466346435643237303662646363353066316461313936313363323136616131636133316131
30663561373332626233666331346133613935393237336362346165396537363435666366613436
32313363323831323665623764373737333466653364613433323737616366343731333338616535
36303862656465343563666136663035636563353662316462653737353863383331636338306465
39306530333363396135613062343161616531613562356638366162386230653663643034636537
65376561366366633532626430396666343432303530623066643931336465616639656336373732
63356439383636373034653137666566326333373564343833653165393166363036363762643665
36636235356334363963316631363832383732373436306262623138353134356332656338383834
35323966663239633039623533376531656234643130653266613834376364633436363361306664
37323363656639363838653834396663316461336137643365636663306634356631613039366139
35663764313634373362656363623965623233656163666331646463376136306139393865303938
31623339643662313565663936333938313138656636613466373934396238353265326263346666
34313165353737376534336664666530643762616234363734336334326462616133633962313838
35386231336165396261333234346262393262363131303262386234613837623436313631636664
34653830623631626233313163343436613162376531393966383036323733373730623038373663
38613238626437613930376537383763306230303639613131626461383037643565353935616461
61613232356461303930333162653733333765633032306161386263393534653462323232396137
31636264613232323132626333663238626530346636373263623762613262393432303864623931
30346331336563666166343566376138326433633665313633303863383663613334313133663762
64616663313666666135373335616635383535313032313365643864336434633264383834313533
66666537653534326164383630333030656230343234326530313736386332376436333738623833
31646465666133343163666239323165356633323033353232626665656437343238346162313931
32346630643539316266636133396332373863373862313035393236316534653138303434356533
30376663356261376262626639636436376532636661346538323261386333356566336466393830
65613265653634666531326232336537353731643931366132353532333834366133326437366433
66383263633835353233313436313064323666666537636364366438633566343462376165313365
62326464393830616465363061626339383635643334623836633233643536643437383939663032
30343132313565313564623666633263646633623262643361383465303766643432613134386638
66363037363534393761626536663233646135346661626239323735613837396234396562623533
64613738666432373062346665333233336230313166316565393534613533306662636530623538
33613137313234316539333662343436623965623833396663326335613563656635313361613661
32346432316336376161396266616565666634623864633562626664393366323337353337313130
31373331666439303233393735363332636236643364376239626666353332383763366462393166
38386466646430333832623235353031313662666665343733386566393933646461373463643737
65656334383632646666383930646535373934343865643765626430636532343935323838613538
65376362376136643635346234356431633538346638303035386230333162323863633761323062
35356630356533663364353166343031366661653330313962356562393966313763613530663333
37306237656561653933656161646132653539353733353765326361373566613365323633656136
36616264353862656166353033373830633666343235666539393434333234633164326263633733
38353237343138366164653436323532373833643431666133623539613866656437383562306439
31316463653831663965623661623161333039633835353066633162306331616539306334393630
36333130626637333731336139306630356330346535393533373464623438326461303533353736
36313232366638646633366438666561623034356631393238346636663066323063396263633731
32393637613066386337613566666436646436323065386538326361363931643830333331323138
63326166623032323138326463396232386534636436323236633633303830326464303538663563
32313239353134393062643536383965656131373537386338616563363166393039323636656436
32626438366635353239303133353565633231323232313232656362613766636363323635333565
36633865396561613031333664353137366664316365353837366135303965363230313237356234
37323761626338663465313761333034346432383064613236333333303633363531383462353438
34626364636566633632316566316231356434643132663134613136333633353361623964383438
37656439653235353363386232323734313531373534393532353632643131303130303435313161
36316231353031313965363234303536353939306631616634343033666661313838343039356139
39633132386665313865366431316362363432393466353438373864653930666532343835363962
63383337386264333062313361313466333335393830613934623537323132663333313232383237
31623930643666386230326539316262646432346435383837363439643539333838306561333163
37383131393465613533653562303062386334303665626339303163373763353162623939373463
37346131623832653263343831653736623235326531336636306337666131393737616230393035
32313831616438373761346338343635316639623239663666373338633163373637353535326232
33346139663863656336336336383034333138396265303762306339393066646664356330373063
37613765313936663561353439626363626234376265623336633261373365316237316233616433
66663837303066616430336430663039316661366334613135306232626363383438336232363231
64323530313530663864333136373530383931613534376530303738616566656662333963316261
62656135366166333935353362633463633666666364623638616366303033366265373663316535
35366230343161663834633365306633633936333061383734313262396334643466656366623033
38336264343535633339393464616432663433376530343634363436383634643038356663393139
33346661393066376162303835313030626266376136386662383764623333346361363762363937
35373762663965383734363230323064636231613737373832653361306261623135633166643434
34306436376330366638323537326364366265373861663534326435346239346137383935643838
38663637383236336133306262366434616265663830623132626233626139303739663461316662
35356363373535653165653965346432383061666639356630393235643564393436613936336538
35343263613634306230646137663061376435623132633739346361613530333930346461303130
66643666656662643261353330336466323966613766313930343831633764616365663630623434
35623266666434363934386136323566656666363733363963623162306465643138633732316330
62343534636531346433303932306162353235653064653461636464343636613562323164373836
62656262633562326565373937323539313065363563616239353061623563663061396635346463
32316366663764346462623235653031366531666563316366346338313863613835346539646333
66353965343563363634303939653163626130613737623732303834383336343563303238633339
62343434326562343531373536346234313931336633323065363537626230333062373133373566
31383032313136636339356531613637316266663866653062623064393265316339323362366338
64383734386138633035643436666630643331666539343735643837363466396364633033323865
39356637353334613165393262313337633262306630623836333136363663396333323366653531
32333665633062323238663930363339313338393063396464663762393065373462363264636537
66303662303762653733663032643733336435663063396130343537373938653462396434313963
34343931336566396632663630666235663964643034373530633435333232623034626561393937
35656263333737343966643839313839353133646132616464363534363137656663343233616465
62376334386631656665353832363866356631343135643832346633613437383433306533306461
61316637303432653464323764356136373364316562623562383937646665653339643166386136
32626230326364313061613464623037333730366363326566663262653462393534333133383166
65646266323136353036346130646365646361653662353538363263313130626231326630396439
65316464316361633764616131636261353634663130363664333431656432336239353065343234
36303036303165323236636337383439366435623732346364303366393163373933656661393466
62383939313061613239633234353762643763343732343865666434663263363436626630663630
37393939316663613839663937303432656239653437636137326331616364316561623964656135
34643632383063386532306639386539333565633437383135393136386634326333663430306136
38393763613561353134353730373033386534373331366539613061346462373266623738636463
30353665366166383265383266303139333030363931393063616464353332326439636362393562
39393539306435393838373735666333396535313065326332323566613564666161393766383562
32653232303539633438326537333733613535646130343663366338363238613135333263623532
39623266333430373065663963373461343966353662383263316235373864366162616137363138
32613366303135373736366362633836636665366331353432636361306332303431613534653664
34313331633331373631353337643966653837343434373936353930646630303636346662386538
65663464393434656530653537386162636139303631613531383838363338393539373863613264
66386438343561393434386536343936383734323364633137323130373437656563333631613561
61316636373963646232346463356539313634646132663461373039656162636635366632303335
30343432313235333330356637333961623038613038626232373466306362666634613833333239
64303066653537383664626432653163343763323861306531663062653462303731376138646230
64366230326464626565356431316434323965303032613561343430373061613131646464623566
38363863306266353861653839636664313664643731656138613530393731636133333930303536
66653834633666333731363265653638326466666666656638653637383032363832363331653232
37656630616233336565626233663835663938393466613035373361343734616364363031363131
62653530356131313364323363633032323666633434393063313539626538323933663431353563
33306663643465633733356361663434393835626634623662383664363432346134393364346335
34653365343536386535643234343238373436356462333666663438323433616231353734323036
36326331656431633635643063363030316262393534316263323636313462623063313132313030
38326130633933346539363738613530623130636630646639393939636165623239666335386163
33336139666365356465653136363739316137393734333536656361363430616633353633366437
38643865376531383235333531626432313532656237323832373734363333383136643034653362
61643636326365633034303464626231656464366331353134303063346330376433653337656331
38376636383532646437643034356136366236626662336563316639646634633262343333613931
34383265396638323665343663313761646639333232366136626232613364313766633061356566
61303663393734366266393363646430666331333161323136356162396334366364393962653762
66373834376162333534666537313238626230633538346631373863373830633661313434373965
66323530363637306434633864306430616564393837303534343432613233323262623237373863
34333062393663386533383831623338323834383364393061623533363536633035653934323338
32663236613031323461346132353135386666666363316534383337636534323534333337323961
35323730663464366234336438366161363262336335386166353539396463633761336363353035
66353866663061363565393461313434343433626437356361363363353530386366306437353439
33313835323337396635356534336630653730383131316162663130653665336133626131323737
65663561636535313933613362373637316337663463373863636366323537326633653731636630
66326631316534396363393733336438396232363734303763653066383639383732646362303731
64366639633037636134396431303939653836663435613933336531366239616435326132663630
36356639396564373930633239656238663933343464316663313461386531356365396132636333
30363735643163656536346630396438323963396536326231316636333963646134646462343637
64663864353438326632346232326561643164333563366466616231343166346263343235666432
33646361663764333562366337313265343237353366313966653065336634366262323135373564
32653733626335306663613732326131656432366264353031653530656536653632653539373761
30643530613439333939646232623738396139393135353139363265306266393661353632376631
35333761653133316265626335373737393335383237653664383964616166633536393530306237
62393537393961333161343837616466303530356130356666333163343839616136323938336433
30643432633565343262653330646535633033343732656634656662323838306535353962613566
38366134373437373133656362343738373937636434313164346465323632383334373539303762
34356562393366313931316232623264386636643130626435316533366462633338666533376433
32623461363738393164323232643330613536386465396239623434643463633661313639656462
32363533326461316162333239326339353261636637376531303738656232636164306134393365
36663730376465363230376632373363306164646462623433343863626566393161323536636239
66366464346433323236383133653035613165613966343663373562666565396166346233633236
65666366313961653164613431323162303062356262396137333062386463323561626233303432
31323739353963666536353435313365393964373039393537643464396239636133646135666536
62633830663863646132376336313861366232623530333437656662393434613139343438303962
62663439663733363763613737353863343632613365616462373036383631326239643034363462
62376335656566333636313962656134646164343861663933623130653134343234333530323535
63316538616162653565663138636262393638613434626333353464346361353537393662623466
34333831383838633434363932326432336330346235336561613230376664623266333136623363
35353833656464616336656131373630386630616561386335363465646435333234396664333562
3732
