$ANSIBLE_VAULT;1.1;AES256
62376462646133656636376431383331366365343633333031366339323134373663336164333539
3263613966346561613633313761386233303639623033640a613365373562323135396662633530
65626163376238366666353265366366633361633930636237353931616433633934396634653638
3463636331623263310a383537383737626530626666396566666430646632393161306665623963
39303537333636306635636564643836346537656235373432386630353037323236616264353737
34336238643734356630333338353035613934383466613436626239356465663665393630386464
31393239366431386330653430656661373562363236383036663566363239613361303066326165
66613035626337343631383963333261376235326236623566663437396466323238643364383661
39376539303362383333326562366230666539383962333264386235633331646661363061326637
39653861383366343739636231623963393936356436653832383966323936393439373833393163
66663335373532383666323262666566323234373733633633396135623235616135326462623036
65343330623037333030653361666438383033643839646532356561336661336632396466663132
64313335336638626634323164343130643163653731336166333230626536336335666161356137
62343462353338303266623135393137653933633162613362343635373331323134336433353336
61336339366566643664306536616663353865376365646334653536646435653339366666373334
32393264393761386464363362336264346534343166303637646530633062643532373864376638
64656461626630333235616436623261336461326132663961663935363138336133316435393333
65626137666534353035653237653232616239303961396661306539336135303431316335363461
39623861613330653666316336316436323864633036313736303063656265643363376563333535
65356333643765383363626665323966356531626235663236366363356639363166663565613235
32326164626530386232316334636434376361376166336231323532393231366164386164393362
36663436663866343937363939346339373835646161663237333133346430636163393663653738
64353736336134376664653861653338383138336636663761333032376666326132613330303062
61323661633761366335313461323365643237333039326363336631393764346530303632376634
36373261353133323866303037666532356662663064666639643638393265653931353264386235
33383233396266376365343661613535343836316664333939343862623963663731613764383666
66336330393361303163313231636635326363633635333139333635383133386363663638313162
64343735386166666665333666636265623535343766643836356234646661343735363330613132
64363436643463643861343031336536316336633335646562646339363134356564326637366535
32363238633235303166623863336562306364623939396665383334393662366561623237326362
31383339353766646538653539333038666430353635343664633731303337346564323730313534
34613937363138356635626439663836373961323536396630393336316462343030663364376565
37333734333562373763653865616430613462653133396236326663363963313635613265346261
31656163303833623936396333653064343931613135616465313461326139316632313533366136
35343539666561353238376236666663383633623734626337373836323036336335653830626662
39326133646335393739363066616334653636623966326161636330653634323938346635613236
65363962386231386231653461653036613963376432613938633139333666306636626634323032
32326563313662373532643339653361383133383564346638613465343338306236613635303462
37306135646532646465373765636662316232373765613331333464646166636661343038393162
36356531393963663532346234396664633665396638306330363133306237383362323834356161
37323331313637306164636433393730626465366533366332303036623436396661313366643131
33376438313166363236353863353438636333393739643361626362646163633737333533326430
62626364316661366432643563386362643133613639646131383530353732613366343763613833
30613537333963633637363136303066356431373064626137336162656436343339313461663365
36303735383162383834613033396331633362326638646135343439633730366534366436366438
36666136666430383931663561373464366564353538343865636136333334646539623463313237
36303466373862653038646231643533326336306639353430653263363666393664366433343738
61333438303730656463663132313662326338323132373335343462613861303062613064633233
31373131376661626336326136666631383831303862346130343032373763336464353932633836
34313430653234363463386466333032393231393338613539316330313138303334656465346365
36353737646463363664643466633433303064306364613637363061646433393331313031313263
33366637643532303064656563366536623530663364633865343438333030396562303732613936
30303761333734613464633733393839376137386432383365376365313832353830343335393662
62653136663338383237633031613436653939366465376236623063353262626334343732383938
62666430323735623131383163626365663436353736353138633965653230323263333761666361
30626539663538326363653239303935633964356431663239316337653638636437646166633237
31306638363031353332323562316139316436316263643433633562323163393964383836376438
31323339336262623433356538623461323836313239653266373334393036313534646132663331
37323738303238613332613266353638336264396636666565656665323831646432303562656365
34636339666661613639376330333937303238663034346331306336653339333763623434306235
63383033643533633130366230383433626631376561346365336464356663633834333763333731
33646237663166333965323839656365663738363666626266666665373338303566306339396639
35616431393361663762613162383132396466663230386537326565383262343132313865306638
34633536666463306630306538343661373464636566386432356132336264636132323861356561
31333031343838613237303734313035663762363730373364326430656366653835346330383565
38383761643738646664373661336437346466636131313962656638373733346166653437666336
35613530346165613735646265353431616231623936376132373032623232396663343331646430
31393035326566636365373338326338313861333766653538323931353737666534306566393466
39626366626165383538356633643832336431656164376464383962333565656164633736646661
65346634383139303263363666353633356131363563313034363939663232643961343437616239
38616661333530333163353730316664316434376632336364626538396132623536666637393432
35336464666430323530313233653838373136306533313265303038366435373064626265653234
34643339366435356235343164623061356434353733393038363265633036653231323235313735
30303032666537363233386363376337333734386263306132663531616631376233353637363765
36613932666434636630663038646364613864623235663663643337363263323762383464623064
38316237383566633131313036336231303533656331616539643666333937323566383962356130
64373438383039623630663964653565633538373663626238336533313238373639393935666233
32336530353264666666353739623534383135303737353230663330396530366163306366396537
62383335363365306638633666306665366664353038393435613063346534356230663463313335
63616234646339663532626530363237366131623062633935343339386233373636326664363762
39343139383033363631653066343639373230396433386565393130363134323530333163396339
35626133386535666636663264343631623665616538343564303331613330343833343062393936
66373963353462306239373038623938656332613830323564386232326237356639353330363635
32366664343536373863313031343039393131613830623937636130396163656635326530616664
37323236643565343239343761646533333462616432656463323033633734653863323036383934
30383266653433303932633133623338323562376265666166303565653232346434306531663237
39303666663862366565326336353864323566303532303237653934363131393234613630366434
62616537366130393731336364393833346563636534313336363037313065313134343438373733
34613534393565373431616562386533393861366234353932363064343031396130333035396339
33646666343464393732333330663933313335363865626130323730343430363239333438623736
64336431396465313862393331353739393034623339653635326235346336636364663863643635
30323636376264383433346334386465613230636464643530303235613831336233396436376330
65313236613264623262623036393130303739353365656562643836623732613664653564666433
61313766626339633162613539343866336265613033623338366230363334663537613938376232
32346231333132383166316166386536633534393965306163633134323939653636646666303738
61663631343135316334366334663037616366346462643334353931663363653664373965373138
30653865366262623763303935306630353464303831373837393333616337356433396336613464
61396434363839656566346333363362323762373830643235613564336361343061383239396431
61376662323730613735666362376664376633643633313433373730313130666632633536363833
62646161666132386335623334353338313634666332336263333038356532626536323630623733
35623035343837333464643366623439636263616132383531373334623735396130346538366463
62326435636433356666333364633535393565383837633939633233613836336136656262396636
65663232616532336636396662373734666534316462333334393936383239333231633531663265
37373961393766373834656437386666313231393339653737303763623430316463643364623263
38323133323535306636633964333437376666386665343533393461666334616365343862363165
62653431643234386337303634353338316131623435346234656237396534633936636263656461
35623762656537663630613435633233653931353731613637613562656234386530666266323339
65613138613230623937366237336139373830346336326332663963363631326630306236633965
37613230633361333631323665366662646362326465363235313563373338613739323838336434
32613430613434333764376163633965626336616434353830613037306465663739666237303264
66333263616261643932306634376130393431333664653131643161643931653361653235666432
38356432656662366164313832343065356663373635363563343634623938396564646536313131
39666237383134353836626662326266316130313662636537666666613163343438653164393664
63353661616237313130303939613835353435646633636333383838333433613531353365326432
30303431353136626263336166356138363066323530333437623538643464346236383436313537
39376639666565633166343432633332366464643239356362393436353462376638323063633639
35313364356361613536316539663163633834626132643363663635393934643635316234643338
39666234373462386566373431313238313364613034373430373332373764303765336564363666
63666161613664643636383335646537643436646565363833653261396264643262393163303736
66623731623863363566623737333239366361376434383138343438363033613437396238353136
30663630396230666363316563306538333331313236343233393334376366643033353133623761
34303734376636623632333236366137663834623030616163306439366566356530663532396365
31633637333038383233323033346333613466616135376365313462626464643337333465663161
37666638613231626133353161363431313262343666343239666531306436636562623562663361
61613064633765343531376162306438333462326162356664653331366332643133326564623535
62353036336135393432666638663134333333643039386563366161633230366266343661353764
63343366633266633465353731353836346164666539616330353662633438613663666538333762
32636132653362306630313339336164613535636365326539343964333537343033383766646663
39363735303466343131376432613530653334376638383466346130353330376138613137646463
63336562313766383930386465323561666631653635316363343263316136373061373264643239
66326464383433373962333465353731326565383734666136643866366166373730303737333463
66393438663466653835666166393130653838653030613135333030633863653462383363323231
34353866646531373133363739333630616136373265643936393536653631666166383436666135
35336531623062663562363434623339623239633262666434356432656530633034393535616130
333366633133656461386131343330386137
