$ANSIBLE_VAULT;1.1;AES256
66663834386463633333376638353061356266323232336532336333373038366661643233333164
3839663261356564623634663537356166373232353362370a323132393531616435653762316165
30366362663335633531633433363232353032623634333339336337323362343635323536626534
6335343234393661330a393631653438386132666665323266303836356663356564653636636433
33663861656435646337633834313231643663366636656662623135353930623966393062333538
63616635616464656633656232616338633630366533353236636666386636376433653233376262
31643965373165363339316236383138346166326231633230303033376463656465613230383032
30646664663735323765396534383965323861643437343436393836653631663061303531646639
65343563333832663632336266626666633436333062313133323737643965663765386233643738
30383065663765343431643437326535656432613235393536636463633136353166313864306161
32373638323864363063326365316462303861633534316532376131353132373439346261333766
62346163636536623935623438636131393639363265336531383236626138336633306534636338
36303030366132663637333063373938623765336234303435373037393461633238393461303636
65366234306332313038643130373064356335393231303338393133363239663432373939653434
36346565346665663734626562303239386539636265333137646465653736613266333536346639
31343036363934626135643238656330363366343130303236396331393234613362383661643839
39316564643138383838353733393361376438323139353661396333663934366535666539656136
65373735396465333337626364383730616664323839326666323066633336313837616339383861
62323736373034396363323663383964393935653935646334653766613739633164343336653166
61653730373138376364323562396464633238623531346136653239643561303739666436646561
34663165363666643463333331333137633335303637633262666163643732396330623134303663
38326361353865373332323562333830313237633335333132393737393465383862303835636263
34646266613765633463616536313236626464636536396630356464343236333133623762393635
30303534663338633531313435306130636163326233376532643238363566306436636566326161
65373566396531623762386162303139633162663439373435346631396265663438353332633966
62346132656636666165366238656638363164616534653437376231333335323733323464666336
35623831353636306666353962343236303436623139326334343332633130313438333666333535
34633839383164613636313864376234393137356336353738666638323832333132346436336236
33353562366164313761623335663966663937663632633562636633346438626333353730323234
36363966626466343432396333373533643763363031663464326661643433633062313236646337
39656366336139663736373764326530376439303937656237366637316233326637323033663133
36346230653939343962626232623163386631306338623730306339333334323364656636376335
33326164316136393338616361336434323430313130356162643431623031323062306563636331
38633734333738646537373062643563633466376138306134306135646134323432303433303662
61613436326130366238616263623266326538396431653533353362326666623636623634366430
35323266313564623237373137643861306433386231376630316539643736323131656461336435
38653537353161393538373966643336383733643465666661303661363230346265366465383130
62633530653765373966663764356665313139633835663038646661376430386464633062666566
30366236656566353536346234666237376133633165366661346339346636363465353863343665
38633065653463323839323263643266373861376662613265653039653738316631373233303162
66323935363239633636333230316436386665326237383131343132333531373565616330343933
35353937613066373030656439383765623630353163646632306661313839626165346230663164
34623837656434666665376233386165393336346263623962343032666261373534633131383939
35326465376466633230346664383536346262626363623035666662323966333261336432663232
36663138623666356338363065336364613133363661626462343936353939623232386430623731
32323165333364623861613366623639666364636131343236613137376238623936613638383437
31383136626331323535303466396264353638396663656332363234366662386266376538643165
33363432303632336536316333376131656132633738323062613464336535353336383062316163
65316533326132316562323261313934306661323236323363623038333636666632383730333537
35643166393235383538343638323134656261313732646435663865313034346364323035656563
32376164366663383264343862623839363136633562393236636664333033303931663363666461
65646431353065333338363938646662396432623261313664336163623933613532376639316333
63303961313263656630303833363830326438323061336466333662663338366330633736316330
36363530333132393234653831623263643136346362306631633332353638626465303461363366
34306530306239616431616438383037303739666237383661623433343537653532666232396631
33633137386530383963383139383138336265646234663664623761393431613333333337336535
66646662373966653935663063313031343238333434363332343165666262343031356633666263
34333134303039653030656139623839373434643862396235313365373764326335633161623636
61316636616339313831313961333936393834643832353666336237366331373938643335653566
66323630303934316138383361323933346635623435666334623363383761643331366438336534
32326362613931643730643833396135336337613262343531313333306537343139386531616134
37383732386337373033323665306634353131383733623866333130326637323534623765323363
64666633373131383865326633306662663633396434633166386563343532326337636137623162
64616535653135363633653937323430303163313833343566663431383834666263656537393434
39303837623134363637323533386234366230313164326661393332633839313262643538656365
65613637393431313434316431653936383865616462643736623130663230616564623963616337
64386230323035306161316335656662306334623235623338323665373530616139386436303163
32383364383862373564323831323034396663653339376339643930373132346231383535373462
64666330313235326361346335323365343139636239386663373333346534353038663135636461
34616333303162373932373832656433633438633933376364383066613966333335643636353964
33323934386332646339306235373736363061313863626162366635373831323165396231336433
65376238363934646663343761393639356630373931383933663565333238316339343837393466
38326337623965316331613464343632383234666131663163346565623162356131646162323461
37666130333138393061626133363339333364393136333066616264356636363564623231616333
35363031656635333562346533643632343166373562656136393734303830643330353132393536
38303838633936336432333735666164363236363066646534636365616332366664343265663065
31356264336136373362373833313363396435613231353034376139313863616238613466343038
31326431626365303237363739326234626335313234646332303838343861636238656663653734
36393465313333396661643865306436303261373638323865643333643530326235376136326161
61323230396335333831663337353265303563336463393866643236303330646637366632656631
62353337653038303532323637313265353737653538653835646666313761333731333434303538
37653232316463623838643335613937373035653831313162623137626366333533633535323665
37396161626462663562386363353166373334356634353330636239356639363735363634386364
62643530616635383033666261343534353064386131373164633431616563353834636162666531
61623763616466333138623830633765373039393039393063366634323838353066303038353962
32363563613732396666346137663065303334646336613536663165323038663433323332393532
63626133383338313361616232666163663335343266333463616434333738613539386163336338
37663436343466323030393235396231633733346566356538666130376163616130343838356536
30613631643364346464336137343837396437643032303934653461393262356561386666633331
64383563623036336531636635643761353137346138323031383966356632626635663663623061
61656263633866333835376536666532353434663137343365353039323365386634303737333230
33303637316635323135306434343337383934653436636537336530396639643839613234336335
38646439373065346261653863643334663765333565313038393134373332623632303437646436
35613631356430343733616231633030616236316131626331303063376463663539393865303166
33663635376333316431323466613830303961313131386562383165353634363065636136383638
33383761613436613562633537656433656539343462666239393330323230316433313938666639
39636334323233313536616664666237396133633830303261363864353636626434316665373434
65323537383739353264623333393532396563386134373530373939636433326337323133363764
66623533653734643461313336333131393339626336353966343763336266616637383731343632
63306538313938643136343937306231633931366136386539626633396661303165613166363662
30646635386236386561646162316135323562326463623037393933623138646361343135666535
65346364343564653865656561383134633538663763643165313737326537376131336265653536
37646233663362643362353263393338616166393138633062383839373532663735653233666135
32393261613864333836333265383037303361643665353230343332313638333338353661636261
66343936646233363032303934643937376462636632393531626639643236666435663563306461
39326534353131373866383434346465643566663334336132623665623334346330396339373939
39386630623063326339343539373037303232346138623237303137353730653965626430396636
30616262323439323333396365363665646264396261363561626561613534633335663665353537
31356562636435333432343831653038646233623832333634343536393336303264353738356237
36336366623766303964383762643033396463373534303234666235386530633631633332346433
62626134366437386262353735373834306637646564663230633034363131343235353862383733
66353133643661323733313937646435333933373764666330633837343835653730613238326663
39313566343338373339396262656639623364616239626231623939356461626436313739323231
35663465663530623935316462633737393564306135656536613234653937636232366361623964
66396333313063646262666138653131326463343564666563326633313165336131613738326632
61663565343739396133393234303538633564656266643531633665356533313338633434376535
38303031616161626433663364653437633362366634653237336264343437323337636366333361
65363336363663373139316562646562653934616230306137346166613665313162393165303034
65396632346563643934643236363663636538636330643735613464633631623035623439636630
39336332313534356165653233633635333331616538653866613462663266336338346534623430
64336134653133616165613465646539616163636463363564633162663332646265663333303632
34323064643336343934613739383964376437656534633863313633613534313932333335656237
35363038376538323265323639313037343534343131306637333733646134363738353335366337
30313039323637663961383738366439626435636436306163373734326164626365376335343633
62306336306466656336333632613763616663313938326538373239363137313263376236613861
36353731613934656464373035316263626463346237373634326338386139613063376363303632
65613437353639366664643137326238396261663136626365313831326661366662383161383862
31316561363530653036393836376534303466646534306239383964633839653030383337393066
32396264303563653432376264333865653834666665393663363437653263613534326165643164
30386465313863353239666233383566353339333936656232303539636134323834313533623838
36323662663661306162656337616562346664346232353132303665383337616130323663636134
66616139333138363833363565373562633732636434303438353134663231643731363662353461
36393330303836393838393336386230636130333936393861663061623466363233393432383639
39393736663737323164346361396332393733336132323266336533386131363664333030303132
666561653165633534363431373431646236
