$ANSIBLE_VAULT;1.1;AES256
61336162636537626161643165663138363431373963383664326238616364346139616534636465
3630353265663636316536656235326130666336343432620a393064396161663764396538353364
36613330313666633663616635616362646661363530366230666266643836353930636635343466
3239393561356565370a616139653064383237343433343133373637316536653663383634623130
38306665653364653965303338353136363033386162376461626136363833623938366536626531
64373464323463643932646636643363343036313664383137613134383562656333643566653434
65626233643736323531356665353966383966386261346332356335663263623938653739313861
33396138343533653063313135303161646539626331366233383239663362346231343535336333
36643232323862363638393333666431313837383636396665313432396338623865626365373635
31663931356566653335646535653734366365636562386662386135323866313832656432373064
66396336626134616662343433633838663665666333653431633537386236616461306334613638
64396434643033366638396163323038653761626264306139633331633363316231306135366639
66363965383366666166643064633737323435616562393531646466313865323134386436656636
39623232353939366131633837633563323837383261646130613162353835343661383136303931
64363832376633303266643838333966623136393066643766316432343164303138383861633665
39663730316365336366643732333438383964333332343934333334303436313562383264616532
66336636613165636436396662663030613132373433343934393065623663373665646336316235
33666364653838636336643136653030633362326165303836653830396534336330643930346235
32336362363339626235623063313436373164633961653839343366613830316165353765313930
36663465666462643535646534666166666331613333623534623933323039636337613034646637
31303239353136643936333635343036626132313036626562366238353637633732383339356463
61306632656262613933366661323734346530356461393036306231306165616430313262666435
33356638316465376132383639343930386436366166663332623639353836646564616638383234
37623131363834653234333438643061386231383330363932376462353235306332343338663830
61333061633834386330386665643335643165343237323933396334626235393066353232393761
33313332386130653162366137656365626261623331303664383834653536383937356362343962
61313533663036613432383330633265356361386262613533626334313231663637346234373566
38386631306236646230353363636133313436643730363538623763383031376365343365306466
31633138353134366366376261323931626662613738306361313864663531373237363565383435
66393566306231616632376561336162613733656663653935343634633635303836383561663864
66653334616238303961363130383262633765303664326461333562373461383564643630366138
65306336396237653062356363396535386533616262623230336237356266613131346563633364
6366
