$ANSIBLE_VAULT;1.1;AES256
31363234343965616535633034366261616136303461353866653064323230633462336432323531
3232613265623435323539656636663562326437373863330a656361613235623937646565346361
34393839313834623730393766646666313863386162616238623338323739613836383766623233
6438363532306236340a316163633061323231663566623831333966653436653732366337303865
31636134646533623639376164303663383165333865393561353930346236663635353162313066
38363339633763376430623562383337646663376261636135653539343532303236373835653631
34323861363566666435333065383033643830373930643335323933326431383735666231623163
61386235393538653134623433633865316464306135613365316332353939656635646431316366
30663530626362306165663464326230313863376265313030643937333232643766313865653539
61333634303564663064303236626430316266333964643664353565343131633834303166353637
61373536313539326662343434333961656163306131336638643530303239643635623965316338
39316533396538313366666537613634376463616161656566346439383636393962376435393035
39646534643832373466643339303563373531663464643633326338356634323265383761316438
64643631653534636165646462613162626537623837343338306539366639633937613638336631
65386662326439376564346336316536636565623064383438393830376665343135303235396365
32363735366363616337303837326639666130373032323531326339643763343439383162306363
35613634633036363563343433393562346438656638396532656339393036336335373664333330
63393534306131346662356432313337353565353261393965393365316462336365383437326235
30643864346533316231333666633265353563633832333231626137353532373063663732663432
62616537363839653062343263396464356366393965393038333333303663623361313031356431
66636566326162376335633530643938333463666430616536313130616535396665323363393765
62363236336136623565623066366164373931303337363538303334363661316566383661623831
34353362386561326135313337663639323362656135363337353366373437633061353638353336
31656435363664306530336134346262623439316336346461356337393764633430303131646633
64653135343138306664636336363336323862653166346466306533633731353731626330316265
34653739376337376234323262376565393035393262313865333466333732636431306466656433
32373731313762653730363939393639343662396265323836623838386666393939643166396166
35373638356466316465333932316466316539363433613962306334366435343837623831396464
38313932376331636637646633343334323737636131636137363137316461313536323439353464
30373939636366346232306430626232643061343366323863333337656432343461386263646266
64643563343737353634393762326233393365633032373734343734353233313166323265633338
35313134303134643330636331653566633862616534643433623763643164363965616338633264
64663763653262383763663566323735636135393636616532313666633964336562396437656237
64663864653466646532626666346632646237393237383339373564333665613366636161346235
39333039613633343134303530363232353662643964376637346166373139323736366330313661
66633135656536656635393862316532653535616233366530363433306330636365616662393764
35313035633139393138353330343961373930313865333562323239356430613130386531306362
65393634313264353234636563353432333433393032633631346638393666306638316262633039
31313761636630623639373434356530333233643339633334333065363730343530663131376635
33366463383736343732313135346666396563396337323763633838653162623838383734323838
32316634393135343930616562313139353833353364383461653531353830396563366230393766
34623031353964643764313764613532373934373633613565373230653530643634383436653865
39396638636535326662643433663361393566623866633962656365333134306432643762353964
38613433383132353733613339376430326335373730356166656635663964663835373061656132
61633463353132363962343365306332326137646434373264303035643334626531353366636535
35343235643934396462346538323839356162353564643238363530306163313766623733353736
61653332396363623337633963366264643338316437393438356537633130383262346163376433
34646333643663363539303537363762376136373832336539383833353065656232336531633732
62653937346239343261623433373333666662306138313531636438656265333336643931316539
36363364623138653138303839623065313932356339366431663030373530623764623630333732
37633338323465393337303263366636646134346138653330383665363338303830343136636162
38363062376433316238396535366136363366323662323639336231336330383663613932353034
36393231326266316633613664373163646539653165323234326338353433306663643166383338
31366338663862303363366534343466346337343639366338333534303863653561666331636433
30323737313532663634656266636633663833633233626563643730633634363765383635633961
64356433353834326264623030656465326536366434336434646531633365663530386338376564
35623738663032646563383830313639316634663562363761623562333965313065313561613739
61623264623236363364663661656165383531613736383831333766363063643437613464303562
63353130356333633862643563636534306561613636326363393231636565343334616633613535
37333566616331383533636365323166643439363635356538323665383037663439636531616365
32616339663562626162303535626238383364643131363539316332303538653637613939643966
62346533613434323762373261613863306231636138333336396535383932313935616635613466
38323735333138326539646131333636376537366163383337323038616462343531316638393265
65616465636339346532616166383965353633356538363163323332653436336364346464653531
64653536386630383935653432323031666336653837326332633865303236346262353537306634
65656630356363613363343336663864663739663963643139663866373866653330356565316361
33636539626362366332666237613865326461343037313664343438636438633336343130336463
38386663333762636230323538376461336166323536393665663635366434636234396365336330
39666339313735636163623833393165306536646163656662363664346231666233366463636532
37613235623731316330623461373631613162663935646364373433343765396261656536656639
33306236313636346534313439663438616439643036346531336338363434316163646533623161
64393837616338306362613862343437616530336639383332623830636634393361303634653239
33316466326261646632306138336231636132626166333737653561663233346535346434653134
62383466353633303238356362656564396134303131633331396137383235313764356338656234
39363738666663313139643163333632376133633062653632636238306366396664643233613738
37636630373830383665613330396463663433386366343730653431336166623831633966613137
32386162373230363766663738306436393837616138363962353237363030636336386239633533
30303136363835633466643830386161363563656530663230336664346564306464343663306539
34316434643031363964366631353637383964373036626433633038323662663134326261643132
37326263366234386461653537656439386138636332613533613665393732393064646239666238
63303238616562363062666138333830353430303134363464613134346532373935626639613038
61333338373338636164623965346132353264623832646365666666356666666464373737363363
61333464313035643738656139313536373136636531666536393134373263653839633133323436
38373439343633616163303565626134633965333036373234646633373961366538306464326665
30623666303933333136306133353361346265636163303764383237643639656633366333393364
35313836396135613364396563393333633266383230393266323761346363633038326565656135
38343234356264346633303364646533633035616264373435383637653563306136616130383634
39343733366464323436633230326137613832323662653064613761366431653138353363303166
35656463316432626261633861373034333332653161633964656539316535663265343163306336
33383437633732336337323039613832393632326163316239336134376136336265363638323661
62373034616136623632626231633563366532373431396534636462373364336563303465626635
62663139346630613462646663646334613532346266616465313637623039383736653133646536
62376163376431316663363239643161636234386461356666383662396433333231346661663861
33396164316631653631616162356231373034643031373865633235363033306131633930316532
32326562616535333933343834306631613234376631366235363666623133336435326437393234
36323239336130346634373736323131313966653033616637383866376233646362663361626663
64626635643564393139646332303564636239613536323362396262633733633465626639393831
62306463333363383235363731393938646566653138313965396632353432653232333431376364
63623232626633376536333131643863663534393664333835316662396361313864353937643233
31316539386465303062393133393338613433343962353463663365663361613738323639666462
34346235383234333933323531363865303630623330383338613532626135633863313334666463
36613237306234626331336532653232373436646466656161383931636232666461343063363130
30626535366662333165646437653236333935376539623565623335666532656361323031616130
38636563363637343461353861663634616165656566313361333666363663633232366166646462
66393639666536346665393035346633333761373436663561393262323430636130356464343439
65376333666461343838383438313539643462336666623238383935633633373630343538306631
34353533306230393766663662373833353065646564383539353862323239333237343865303035
63346164303336326564386231356366623761366162633737336339636635646531646662653961
66356565363866646166343238376364643864313230323366373165383934356266303836343362
30663838666462666630316637363364306238646565363266303431633631343131386362633761
34386636653461613138636462646530643261643633376635663362626333366263626633333263
61633739363437353939623639393061653931373765366637336139326238323030363461626233
36363634663565396139323333626263393963663364333432353135323233643661396230396265
62623737313962303433343762303461396439346438616265666639626566383832376534653438
34656534646232366130313365633362393032356333626639313539356263373566343137616230
63623539386634373931646233366231343938643566353636383462333732666562656339313561
35366339663466626662306631663461343664303164666531323963303538343830323463653838
64343466633336396466346563303432366437663937646566393465373737313239643831373934
65393163386438373133353139393537613038313236363737653333653063393435623761346639
66613836636466663234323463626431306462333264643036663432663366306337396137383439
34623933383130353962343130373035396435396163383033636230353636373537653162353364
33323132623439313037323139376530663162376136383433363932313866363430393665633432
63346638356139663963373562306464626566623737376663306636663938333035663366636333
33396365313738646134386265666437383165386639306165373166323239663034623036656263
66316465656663343831636231363331343238303937353062306539623364393035306133363437
33373138363565316664633731326130323531633765383931613031353462363063356633376263
32363865653434356432633633316366616332613536363434663762373537306665613835356432
66313732363734333664396636663430336430306538616439353437356536663261636162653139
35636439633637616233633930336137303136363961633431356261336234306230313561396465
33396333396264346330633937383139363761343036666366616664636436343332626531316661
39376365366337333535366532373861336266373439656532653237613138393132373165313363
38383836643736353538383735333466376566323039303230616136356665643232623237663666
66646238306563366666613634376336393636333336663138353963613133663035626239366438
34643439386338353662656632623530636432383463323962356632306432376637303730333465
38616238626431653632346139623063396664626233663630313666643166623435623939623266
61616232393266376665306562323732346237393336313430366536643132323338663035626665
66666264363031353264653964613163613432393964653961353533633834613930616162633839
37333562333566623165346132623732623030323339613031306338343066656663393637313362
34626461643766346436393166656462393936643663383362366165626635653862646535366466
30363239623132626261613533663361643365643166323332306632613235343961666164653863
63636166323435373066643836343466653764646531323135366134323564353766336138633936
66623931346337353534393466353062383263376361386135343265343137633436313333356362
34653961363062656637303533613833326534623562633332643336346532366233623562343261
66646330383338356531323636646462366135666339326433383461333137663932613833313237
32363137373533666261373933643061343539643734333132343632626234333764373332646133
31386330636531323931343666353934303133323734353861306435613530366431643564363335
34623565666538616136353935666232643533393731316630316161356564366562303933326337
32353935316266336563623735363065386634643462646563656230343863663233633264336236
66386264623538363061656162356536366330363335616132336166386266333433643563356164
37323363633633383231346463343765626461323838343630373632386237373566623261306536
38313363616662336432343430613936643265363131333730656661656264363732363137316335
61383133616462346366353666363665666136366635623935306362383332646638623239633133
31613461383737373635353933623632336662393239636333323061333331303437303130633230
31383430663465656461393563353762626637373433383164353834356437396130356532353937
38633466643937663662306265366332376465336631623862633938623963613262643535656134
34653832363239306561643439616538376239353365376366623535626264363166313937663764
64373436666334653865616465346664613032396365316132323563653634386630643561333737
33356536336334656330316261636537646138643639373635393739333130323665633434666264
35313330363033636336343964343366386231393665653639656163323237363365303364663938
33363230386461613831333639353663616434643564336638386438336464613635346133393565
61636233373638366637313933363265333133636134323462313265306466303939656439386530
32336437386437386465656362626666323538643933343363316563666134333032613261656535
64636136303565353231636563643534336333383562613333633461613335346338343336323034
34383436323032353866393731653664633237653463626263303065666133323031306131653036
34393161366635373638326330306330306630303364323963646131613665666433653737343236
37636330636539323035376539336436396231623630633064316230633735326433656633333032
62663539363631393964373836356533613263343538323235613163623036633663346363343165
64316330366236343062353264316439303662366138636436393464653934333733346433313062
32663430326431386461393464666538633437613430393237336232353563363866633766653863
35393038643930333631383432626165373162646233396566363262333961323531383332383464
32666135656136346135333834376165656661323831636563643239363365333734613231333233
33313534396431303635656464383962346238313035383131353634666132386161393931616235
38383238303164336331636439333465346437636434663130393033636338653063336162356533
6237643039636631653737383637303838316165313861303063
