$ANSIBLE_VAULT;1.1;AES256
37633038333638393930316361303766633931653764396130396364623161636534636664633339
3733666530366439313232336266643035363963663463330a356638386165636633323463633365
36356435383035333337653064343064313765663038316261306433396432316639363133666432
3762306537663432620a383938623631396566653734373165623464393062343932303837613831
39303366393063303032376137616131643265663763363036653962633363396532386262646562
62353738616464616234353165396536383965666531666562613634386634303734323363343437
65353838343236653864376366666330313739323964386432396238363963653930393538656135
35643266313662326463653430633339626364653861616531303964396430666364323865326335
32313336653466643031356331326437303239393837306665376565636239356137616236653732
34373433656432393034333766333962323630336465656235613235363565616330616133613232
33303538613766353336613535393038653732323564343832653530646439636530336462393335
31326138616635343838303234343730663133383636613462383930386237323838343663363262
37623662303234626434656534376639383834623962313666626266616538656536623865353732
62336162343030626464353131386132623262326539326438626235323336633833633535313365
35656637386466346535393963616439633334643033633965656430353366363962303266303863
32353831323737303764666333633031666530343861396138636162396135303963633834306631
30383833363735633232626130643232666134353232623135396565613433303231643633396333
64663032653936373435323138396135396164376363333432666639313135663861653831303335
30326666383566306432316463346635303936326330616136313436366166353836636139663931
39663039396337656566333163646539653338616335633664643638383037313066356132653331
64383266333463623035653930636563366433646637396665333163386365643265303738653630
63656335306665383465353362363839336362333438353239663638333464376539663131626435
37663237663166346564383262643530626535343632626363646637623435636137396662643463
63363832393236373936383065383863663962303163643038396262633463616166306233376532
62616166366639346338336530353562363464373163336265316139313331346132316334343938
62373333393834643063343034626165623566366261613832386134366536646135626562613866
64393366623239653933633234303263323764336231326631353139666132323232663338666633
66353431663138393163646338316632653465313439646636373836313430343065396130346661
39303465323462306131653363366333626338313832306535636635623163626239663339356432
32396662303837383763613531336135346434373238363432386464343738376339353335306564
63343332343838646132623966336161623633386536633735316530353964373830613965653937
30356162653664316663383666646463326137313363353338646635386263316335303463373962
62306138396437386234333734316130383634346132323834353265323438613965363236363661
37646135623736333362633738666332643461633561383363396264356231646431653265303834
37333635316638616231366634366332346234373833323635383530373733383561316466363161
35656333623734326636666266306637323531633234336631613938376264343136333339326332
32653863316336396331396361363166336431636533373330333030323437646133323161626261
66393735643838323434373261636430623833306237663331373663393862653161373538613061
66333030626465653166306533666536663933353031356639316461633261383662363330636563
33303136613131346231613132626532613466353337383439336130363539353638303061356161
31363531343961303134343739303163303565306232633561336534656166353938366235616533
30356236386365636662396630626364303637653563356563336364323231323938353134386134
64666662393265383361333962303230383637353037323536656464663239626430363937396337
63613661336561643963313330396431653334626234633761623832363731623430343835356332
38373864383165323261323564336435363031356635386563353862396538643938306335326133
35306334376131613039393466383930326237663533386436343863653734653138306633326337
35636338326135303033383239303330386166613362656564396133353161663337353536623238
64306162316335633862653133633265633134616363616661666263306561376663323632353264
35346364383930633665343234653966633935313231636562316330336663656337643166396539
30333430623365336135313430343031663063613262333834313937613634623739633233383166
37653438656337333866343831373465343138333338653531323332626563333931623961373730
38646139363535663461626666386666616430353861363464643232666334663533396138373336
38383630336630396661303137373864373339396363326535313238356635373266316330343864
39666265336563643037383732316236316132313865636332313963633536363537623666393865
35323362313930326638303934356539393363356664323136316235663231613062316633303535
64353264313338333733333466643263373463336534666138313733333833373066653938336231
63663464373766396262383631373861613861396430663865343134643362383038666130313063
34356639633865386138386561343663626264396236346561316232306266626664333636643430
38326164623933613036653938646239333930376631656531313632366465623638353834383966
32353863373336333132393131323664343232376163353266343134653966343561343962353237
36323261386538616633663666356563323330363632613436633139303437633731306463326162
31323134323133636435343738616566313339626261343138306365363138663463376261663362
64633731356661383561373235373231616662303462383161323130313136626234633330383531
62396439376130346664633937393834333932666166363464636633623039623162636266383534
66656131306266313437653535633137313866313430343530326334616163643265613464366239
34316633366662396464313364636131623261616535343535313433633164613936306436326632
37353131343636616230623061326465373333636261333361336431663330373339373563343132
31376366383033656363316330613966323064393763643662376465643031613035393136643261
31326431316430393433643733376632626332626535303830386130393033643937326531383064
30623636653363616331633964663333346335346564363339323763383134373730396130616433
33366337323133353838643035653131626161336238306536363964643666393431306331623337
33343863656339663666346537333637343134646365666233336236383631343534653834663863
62653464626561376261646236643561363362353633666331303234336365303435613338646533
64393330643736363435303561316163316661306262666266383934316561656134663766303531
65626132633065613034373062613864313530353736346531616438636535393535363362626332
34663834663936343132626664633435326538323265633161643831626665616239396535633138
38363336326265633766386138396663343539306334656431393565393637636364373463616466
61326137666665643439623661366537383061373761393434373332313463373033653961383063
65623135653535663362353166303831643936623366656263653635326430356566383535393862
65646133633863623331663765326261363234623964306438353431393839303235336339643661
36663535336364346663656534633039636136383137663565356530333335643530326431356362
36353233306330646232343831666331626234646661303135313932376433383433316261653066
33663837303639393135326435616235643161623434633863656261646666333736303033393136
66356334613463333461376539663032623639376262323139333132343364366632363534363333
35373335316630616238303838393332383531363534363265313937373633333233646331383962
36636566303561356530646133353139633132646635396439373933663664353261656236323863
31373431333363323437626137346633353338333461633139306533613161383266663138643233
31336264383837303465353530623039346631616535333663666265363431323638393864306363
31323236663833333231373262663234666335333330306665323738356233383763616131643932
38633431356233646531366164626435623631623465653135353964363736356461323336326461
66323433646165343565366136303739393466303337353131356633303137343066353934663132
30336637623830666339353233343162356466633236346136636165666366353138313663333765
31626131666635323636623863643166613037393866346234353939666436343061663332313232
39346430396531373233313534393462656566353162373036306138383733383438336162626238
36393739653435386336373635666338623061373839643465653239623236666563626537633539
36646335313765353333396239363263666331623766373330653232616435353738613230303832
32336630386132633163393835363137343334376265363261346365303231356536376539613234
61643266353434636535363361333563666366663164316362343639663435373732366165613932
30363361353135316336656233666161623937633365393733373337333663313266333562363335
63396630396232653666376537643931626163353739613634393234316564633537363465326361
37663462323663343030643863643665386539383531373436633761363762653532353139343266
32303637363566326362356333383735376437333434333932623939663736366633656634363432
31613838313665393866386532356334366538383062373232626262366665636234346431353137
66356561666130633161303038323336333862646537356539643930343631376633656237623364
35313232653538373735613763636533313036643731303437643938656464353831353638356430
61396435313565613430613135666335306637336361626364616238613131656339313661343566
30616365653333333130643335666161643339353136303532323665666532613864336338356163
31393239373338396331613730653033373266383038633937636238333630396330393265316164
37393561313832393530336166373237303230303866336431623138393136326437303066343032
63646165306132313861383032336365333837326332323333333238613533613630343734633736
35366131346164373263613033363665376436386264306165623364646232663837313663373935
61643366373330313662656262396461396466396436663264303766313133633130633338353164
38323433396232656664343236636334386236326566366630653166323330613166353939643764
36623437333463336330633263663633383461353764643839636161653161366461663331663863
61626534616366623237666139356439356136383332383236663230396161303633373430633532
31316432346362336433336233306366346365393636383939366265376438626339343935373333
39313538363936393138656339646430353232653861376166393034323963373538363938326331
65636466326363616663306634363965306331346165383363636630636265396461613536333761
66326465653136386338623938343662313462306537633735366137393834646264646239653138
33656535633830623330346266646264663933323334666163646336363831326630353830373131
31663033333964663035343437383164353164316235383238366536376331353830636635393666
38383362326533373761316161303533626137333731666362316530616562646439623563386364
63343165353539353632333236326165633437616636346130663135663136356262643263356562
33306139663739393035313462396332643266373237663832323638323835323637366139633935
30663531363564663963316363326639383961666166323830633662333830366662623630373931
31623231643535366336626463623433393066303937633961353064366336613362633166303962
65646538333761653933333537653630653765323438643661636634343163376137366437323463
34623030373631353739353164646561626533383061383334663739623061343862333633333731
61396565396635666333393839373438363234653765336530373236646434353064323334306435
34383331643063663333366535653430653832616162323266646362373262303330313432313066
61353261306532613364323733356161383934326236386163303938313731613137363234343766
64636436326161363636366666363335343432386561383732656665306338313232316466616137
38626432336331356634313835323631396234646664396238336434313330643566646664376465
34333162616531373166343366633163323734313936626666643761363039636337323038383766
64333038396238373665373735383961656430363131633863303836316432653333333136653837
36653736366266376365633336616465306364343234303230333861633830386131393332653666
65613039636130633961633038386239333533393062613636386237356664333339353639303431
61356161336165363936343635366131663630303165353632373032333465653563386162646230
32383130326364376466383231323833333536393538646335656434666437646562333035613566
62326661326336613436393264393038643338623435656437656332306236383865623634333561
31663463346563333965333033626332323161376334666230373536353732636136386161393139
38623965346639646166356261636663313533656433303232373666373463386334613835366136
62393661353765353735336263363038393830346634376266306163393936303339656538643732
33363730343738336339623861626437626432663266383138343530366161343066636366396336
61613764643937386533346332316134323433343864376239343266623438623364646564363336
65646165656561646535373939646661616337613732303461323365616662653438663630663364
32633634366430383038643566306164643861326432393639356164653935356262636466386538
30303830326135366431373233393766393162323964303564373833313931393737366334323563
39643730316338383864613964653139306663633963633032633765323662303036653861613230
35343732653163393462623936366235333566323432323634316361666439656330653736353637
37633563663537663437663238653363633437363238373965653563646239643066313464366635
66386333323666373865656631393261333065353736346138396439623265346464393362653539
61343836376436633664346533346439383261313737393065323732346537643362313462643465
64396631326562653162393636356239613862396464316561333764663764636330323461633638
35356337616235643562663034323635633966383133333237636130366462613637316538386335
38316265326633363131633262363463353833653363666139323263633663303563613133623863
34646165373436373933316361333230363139323136376663656262306366353765336338356261
34303564333538306538623338646131323335646333333133383830366434626437626439616339
32373936363538613932346165623861333438333737623735646537376438616636383032333861
37613035663764336339313634353533653436623666346563616633343364633935633334383433
64346539373733633036383164396431613437636466326662383833306462636263376339353033
30633262663137343261313039333533353332393366313439333938626466393133666436613937
32356563383536306132653461626230393536393964346436383663396633663337343131303765
30666232353662396233326230366262646165343438323932313861663932383932613064393736
35643138376138313735616365643139373762623261313961326564353362393432666337306135
62373762363064663666623930346366336638336465346366626638363264636331363234393065
66346565626662356131636362363937373862646663326333303430336161316135636638393532
33326263373430303666396434383865636635383161326362376637383930313937393965363937
36653730633966626537633564653063356631303438613562623131383165623161353436333663
35376132383535393035386638613265363235323834343064373362656239623739646330333764
65646133643866656236646536323439636366643435303634323764656537616465393732653532
30663034323430303061613361303464656436313238656664616237373265343339306264656230
37336265383666653836373465643630313764316334666537393262636563663664
