$ANSIBLE_VAULT;1.1;AES256
66343236343561613462373638626463393439656562336134643135656236303461616133343830
6133613330643038323337303231303862616464643534380a323165323434333466613230373766
38316238386135303663333339623233386265356439303466303134303762376634613039393163
6433343436343263390a636136656463343334376433636138386433343633373636663431366364
32633334653935396136306263623635643534626638623763386264366434666536656438346561
61366130373536336138366635396363643064303135653739316132356432366237653865373233
34636432663335366531313435356636363333636433323863366266373063313638333630363930
33386531383138316630336464363464653662356337303062346163653064373466663634363061
61373338323834343162343635336439323835343331363661363263666431303231386463663261
64386533393961363832306331386430666366323266333366343663633633363135313936623563
36343336663132396334353066393238393934663961333235333634643130643266613030306334
36353639666430653134643965333232663335386233306333306662656333623539393063363631
34363537663032626163663138616332643638626264393837646161326261646634313461303737
38663765383835363733396334356231636264323236323334336333343436626131396339613437
62376230363765336637376636393063366364666438633136623333616431336537663036393362
39316139653132656537313930613732616238623766616165326336653666316563303939323737
65316166636661303934333861346337373936616166396235373131313165653062386566633764
64626430393131346162393436623237356561613066636233656437396465383063616263636138
33343936383531396266323038326264303865316663313933323265643932653764666439363730
32366365633732616362366134306366666461366164323533356166663135313737613663663162
39376630396461376264383335343035313935316135633266346130326338633731343664323732
61366235346163663336336432376364336336346230343933323865386562353862663236336163
64653465656534616630393938373432373362383562393031623061636138613534306463626136
31626366323039386462646539366663303362363431323336333362653463636666363866316662
61343036643137383539626461363831383362646536353562316639363866343637623163396665
36373237663634666133343839376636616665343738373565346537326331373638376632316134
38313734323461356234363764366331643064366365336632616334633266326438363462623730
39633534373234343730616364333165633866623837333465363330343462303264653464353735
34653137333661326163626532646535653732373039643839326232346634616166303231623664
30343238333639656437346363353662346637396637376535316637643636396263373933663735
62613635366230303831646363303436336631353635343164626530306538653265633663633238
66613130626631353161383239653830346266316530343235613734363361386262363633646637
34303238613239613832303165313663343865333266366239336130656365626538383431663834
65373638373733356535373237646332373965636232303935623530336636623366646561393466
39396530643464663662386430383830376430343138336434636461613266316136393764356638
39303861613730336133316335646534336265626565373436663431626162343532366230646164
36363431396536396232636534363632626364616432653964373533616533326563646534363933
32353737653063373464633463633063383461373062346531613863383636643566613061396364
39353335386335616235373063343662313836656234346165633436393639356234656637343865
64393762653934666462633962396330333839343266653833633361353236623335626130383765
65656535323835613331363039313738313865636632616236363661393730376333636439663432
37626361636237303535363264643337623737386662323936303730643232373963623234653439
34623030663433383265356136343236373165653234633865353665343861633462363833626539
36643438336665363833323363633136336336313339363331326638343561333163323363323739
38663133306534326537376137363961353563373730333430383663626530623133316435643231
63356161316431643963336530616338326235343664386532353464653239633466633762646335
31643735353239633637633366356630373533653865386337323134346237663263373764656566
31313966393033356564333236333731656330343565326435663566366564376639646233373365
38383965613335353938356134306666663437623037356335656264346663633630393963393464
63323037366433343937633263356138643935343762353666316339633330366135393839356332
66653836316464323036313832336234303231646430353132623038396164343864643832653234
30383261626464383065396365336230333636363630383931333538633537336334366532613235
34303736373837303338633837623934363866613934633036643161653439326335383333336363
33666635393538353034653935653566616437333837663038663538363830336632396539326165
34653464326135663161666635303266323563643266393334343438383037373764373832346261
61653734653763356231316530363331316630666535646462613231313530346162383866663338
61363737303237346635656463326233343536343661393165306237326265303134366532623236
34386636336230383065356337343866336439396166366264363162333233323361623963396339
65653935613765356634646135353336613532363362316136633564306562393532613332323231
30646238313934643637643962343035613838343035366662666365313565303764616334643161
65613134326533643561623861356638356534636239613234393834303331376139383739313464
31643065626135636264303562623030336164636364376266303664653563363835336334383064
66333738333062643630626239653238333336393137316432383531303632356261663464393563
64623030366336363937643566646631313165376132303532303262316563386637326366653366
63633134326435633438633634613635303066306636346130393261656339616331393436616165
65656234356561646439393738653337336534613237613764303535316431353565623634386163
62313935396131656533363735323461656337666364616438356463333864623033666332363665
35333634333034316261323335653565393230383637353861653036633565353363363662626134
39396261633235623137613766383034376162313961646434646136623833323164386638303037
30306134326332626533343162353364383132333339306236636236396364363731356264623136
36386138633331383337303535383136353532333666373761356135306238646636353761646562
36343663636665316463333665613861663661653961353862366132366532373538333436366134
62373834643666393639653566636262323464393863616361633635353739336530623735386564
33366334626135343133356663303232313737303834343730383332613565633165643337343830
62643533303132653932636237353962653565636666646664643234333362316539663932363764
62663264313063333033373264333331623236613134643530623034396432646265643166386635
39343537386630356266393061353363353134626265666164303231323131623863303136313736
34386461613139643539633836376632373333663833333432383136363663373966363434306438
32326637363939363337366235326635323561663631633531613939333732383466643539366661
61373263366461343031313231353736343366646435616131313233333839303737353139653738
32376330623161303838393932316532626364343431353561393930656539656634313439313735
33303463313862373661353030363439666133636436363236656264616266633466306339356330
65306436343233326463383934643565313932373530393335363630373030323131336230333131
62663762373238616666656233326531336533616433663931336635323139633964303432356536
35393038393535393264303966353166626439613336643334323938313737666337346535313163
64333336373036316466666562306335313864633238353966316532393237333036633064376365
38326337613133633266616336636132383163313635303733653465343537613434303131396166
36356436623332346535383061663265666561306462323936376238313261643930346238646436
34343834396362663862343535633137393864373830616561313964303435653661363232356364
61633036363537376464313766376265643438643438306234663133336335633062383164363661
64653730383830346538623463346630633839353366663132656462343332393462623636343631
65333430656533306165396162656132383537303166366237623665393166396530633665636665
61653236383065373533316332643436623865396365626437376466656263373666303837363136
35643035386364366664333133393334653730626263333332316234663030383931306365323063
31643932356332333033313966653832316138373034396465623538663732323437633936363766
63326336373232633663333762306664643337646461376438343366386336616466316665626239
34353036376539333335396236353664383036623434633234623931353965646562626338623132
34636464323535313465343036623937646133313362613734373763336636396639393334316236
32363039393330353662303638393630313737373832656534363132663135303137393363363033
33633165346561356136313532353430306632396336353536333863613164353838323339373338
65356662326165336462396462363861643364623564353265363536313634656137326630396636
34326634313933333938393333663865323461646130656435396239306664646632616437386264
31316361393065373033333566623836356637653831306661653862343531386439633562643564
63333966303837636339353232366261383938373334363137356661363562653061303963343334
62303030383634336530663534313966616133346338353766323665663733333665633438306532
66613565383731636130623131343839366264326631303664306561633534613562313336633032
34396366626234306430323531646633393966366161353262316565333038633464376466633963
62326432643838633266653337313765396663666531333566343365663737363238633264303230
30396631636635396163616661303031393031346430643566366566373964643965633631353461
39656238373164666336636435333234663161323261653335323666366631623964373966666166
39386665623962646365313464353733653134613139383538653039333564666439333435643561
35643235663337643237313230633939383033303762623666363764303430313036643339646666
61383338346634353830326264376664663230323734343633306431663631373535643565366661
63663631326162636131386366363862323862343861306133666339663961346663643162313033
30373938636161656333653534356531626365396633323863656235336534626662383733636530
31666464653837383935353265623232343766623865663664633937346630386238396462333961
65303532353231343363323336383536343164343566666664666536393533613339383031383833
37333134333435393432353937643039306333316165633262376230363535356134373762303962
63363163336566303933623130373833613033373935666365386662303434626636396266653361
35626562313533323833376135646539656435393733333265633066313865363333366330353033
65376431373139373933646136366136356435366331396535363065303464376665393039323436
62633438643866333936316539303235303063343735626234656634666664356263313965656138
36346366323734343963383265643432643839373135303866313864393930633562363961623330
64626537393163366330396435363065343435633531343730383435323132356538396637336634
39636632646132323939633837346336303437623531613530353339346331626231623764306462
64326135343836623164313638336662363931643334343832306537363433376265306564313731
33353666663636643366333161633538363864623030666161626434386131643164666438636565
62353932316435633433393062343532646261643464636564356164666137323664626333363764
64396330363365333630376365326364356136383465303562623635386466626630633961626630
31663464633165393337313536326364646639303035383030353934626264323038656532353234
38653538613039306264633961343430666138626539366230643030393765316332396130353931
32306232386465373437386262383435316330353166373765303631636636326530383437303236
63303661383437343165303739363230363062333834393234386465323562336337386638626264
63353065323564373236616164363033313733376630643937643736643638393430353033363939
61656664633739626539623036363637346137363335396138303062316564333734313961643733
36643034633465666531633133313635313066383938666637653466363362303631323862383933
66636134363861336131353032616361336161663465613533326561643738366538356164316661
39376663353839346665653935656461623437633038313733653062393762313232383831313736
66626637313634313436666134393733633337623261316661346262626262343865626539366363
35616639663138646163393339313031613133313261653031333736306132313363613035393935
30373839666331623631356663663432663636396264353237343766346133623435613933656632
39323935366237616434646534356664346462306366373234663363346438303935626461316633
64363265333763623832363533666565373330383533623536353138633937343131306662376366
37316237356266646437616461333864633861653864303362333064323533373739333163313064
31633434643439333732323034633361306461306138303865363338373663323463323536356537
62386636396362353734343664363565316134653634643563633036313261393862393337656636
38323966306438303539666664626263383664646234616333613837363464323639393835383035
34366534333633393735613630333733356563316366663363326439363332323565396462376465
32626265333734656361383930303066306633343433613935613738386639636466383365396363
30343739306566613065616561633433636135643138663733343637323266383631306162663964
37333163323462363564663338393837623339313761373661626162353735393166356335656663
37376662333335303063393763643534333935336630396365313863316135373139626238613566
37323161313439616331306435356539616665323661626264353435653764323266643234383638
38373762323832636430643537346639303430616533343935616561323536353239623966616265
31373966383264633932346133363364373334373837386134366536656363613463376466653864
63636264616265343330326633336133356635366137303066326439386433343431303266343738
63323162663262646432636433326438633834383335613131666364656166313138353266643662
39363036623537666666656635646536363066313433386261326130363132343366663436313434
31303138383737653736653431383065353533386333363434663534333661363636633166613361
33633263633632666439323961336537623934653830376532343933363633626666336130303661
64613239396462663664626434646261386437643731383532316563646566386465623031633637
64373365633565353932656261306337653231353930653434353139653637316231623234396336
30613839653132623233333635623161653230363464643230373663303738623364383538353537
33656165663634303062383633623534643161353839363530633334656533333038323365323064
31633837653465376432646463393663653138656235386666396266616630303761363237666562
39353238613864656435646535393737333734343937333361636338653334343031643635303533
33643332653464646437633531623164373035333237626264613832323534666132313332656336
65356534663038626135333564353733383663616366666566313565613238383532613436633066
31363462643064343561353161386363333138653661343064636564626530306635376165336430
30623264626465356264373432646461663438383231333437336636663833626530343766373831
37343636303631383938633537393537623539666130663962663036396237343965393732393032
61363937333439343861656537616336326633656439343032636333396331346436633064376336
65643937376139306336356230343533623864616238636232366434353266333563
