$ANSIBLE_VAULT;1.1;AES256
33336232346532613530376334613839386633333162343631656530316538303835623138363536
6432333362653962636332306337363735383661653530340a613536616639363835343539313633
37313233393936333430373165626333356530366366326135373864323135653834303531363862
3635393530653732300a366563633739333262653235656137623366376535623731643863383566
30376162376138396630393263333065376438373432613934636236383839633364636539323437
63353862336562373535396336376432326437663531376230653538656462653664643863316562
38316435613166663130386234326639323337633362616634643433633434333333316130333764
34646532353263373361656337353635616439636633323338363333363937336138393232393136
30353233326662373162636233616435346363313461323862373761343763623964366332366366
39393766646264633364396130656561366139303962633962663565633431346634373164663363
65656538386430336563363365666464613431633231343130366331646635346166663736343665
39643837393266396530326265616264633933656664353766663566306636383033333238643766
35646632313939393232363334643164633735633430393165313364643962626462316231663833
36333935343932356131313034353535626163346131386261653965366264396530373230316436
63383632373233373363643162633264653966666230386661663234373037386239303634363739
65656430316235363664653038663834343135363731313433646335653464323134366332333036
34313735303337306331616139633635343963666239396536396337653430366533323932653333
33363633306561663261393735336333363865613561653235396234373939346130343337656565
39363831633161323934613930373737313364643234613364363735353164343030353636333136
63363761363935653634623231633935393437666637346134633430663938653138353764316532
62623237623163646138656663643932353162376662643135656364393361323130373831373262
64363331366565303461323030616635303631663566336232366365656430356361356638386534
37336234323439366336613132356463393265613331393965643335313630326364366662643038
62666666323937363136646266353637616636393865326462643836366162333165313666646432
65386439323439363439333736326431663161353631336332366535653530396564373832663336
30363937333030393831346636326164363365393161383532353864366436366466346565623136
62386330363862623964383238343061326232633736326663353937363065363333633962366436
37393162643030303963343131326531663233366461646230396335653736313162343731363161
33393562613138366232613865346437633966643362363635303234326531613065393930376639
38313362663733353233343638303639356662383061613961336631386265343939303933366237
38363061386632323331656436323739356235646336313133613432323533323832363764336163
36663565373332373962336430363939303964623464366236396233663464393533316137663430
62366565343961353630613033633436336437613934343432306530323137613363383631373430
61616165346437313439656266616636323234663536343538303064393666326330353562623231
62383762323237353765303736336639613962633863326139633534333863353335623166336434
36333534316665333930383864646138653735363030616462376239383338616664353763303436
31363933376331383261383363343461353065666136376532376661376531626530386164353564
34303361326536306463306239646130353666313263663139316532336439356333386662653263
64333765636635316138353662333761666365316566346466353537386330656236383239633139
61363266393538396233663435663335316231356635306631613465656461613439636336663136
37626332633137613761313635313062323033393133343538346666323537303466646531636132
34663461343561326131623964383763663637653436313661343465303761326664393836303130
63383766663232666433646638616563653931343533613438396636626338323330393736383530
39656139616431656635663031373266666161656162376638636531313161656332383437353532
36386466306235616536373065336261383937316630393535303338356434633231633438343539
62633562326236326636363366356161333938373139336132363264646630303461363639386536
64663765316566646533333737373330303861386262666338663232326166336333623066653834
33663333336461633634363939313536373464313835396531373561393734343034316430383939
39346139383436373334653765363637653934363330326332336435626133333263313338353266
64303363633833393865303938346262323761616336323137376338346438393335373638366339
34353965663663373331656466303037353230356330666232383638323734623833336436363230
65643039336439336438333339653435396237383134336434626361383130313966653536366566
33386261633864313131353336343936643033633838336238663863383062666566656536343663
31663131313439383961626536306265373339636534303766613836396333636235616535646530
33636466353430393165663939323335393738373533323533633532336563663761353237316535
34636263313237303739353737633532636536376630303932396333643931396138373732353964
35386465313962633733653466303838643864613537326363613933623364346639303631666664
33333834313165633638326537616239326535343839383631373336386231303363613066333439
66326232663334366438363061666431663131633239666339653537666462663564666237373931
35323334363034666537343939626331636430666432653163316631333061653031363961613761
34343434633830306132343365633234643634336435343836376462616430333638373362653239
30643662363861656262666235616163396663636339646136303237646338633632653533346230
65383761306435353039613137663439313862353736613136373439393834323535336431313234
38633830366565356566386332653133653439353062343134326665333365656531643232396239
33343131323837326635353830633565346633356262353832346566653338656439313934636561
31366634623061356465363739656233646632623637623066313233666630393164366166393762
62343261643831306531663939616632346264366439343338346166363430376439313330346166
66363064306366656664613834303431363530373436363034323061663834363266643232373237
65326563336465323036323339633566386263376564613235346262386566353338303034376566
61646464616639623864363131636563343839303037386131643937373837663131346130613333
66326239383230393464346630636234646339333034626162633333323436336464346539636530
32386364313365316136393464343962303231343066616135313638386238323232343438343631
38306561326539613434343361383034383638393335653866353431323933636563376638623762
63306239393361393861396430633565373432633065393732343863303330633233643631336563
64623633363337393331333165393931353138363462653536313866646337613530613066353663
64316337663964343838343430346435336338346665376630343232373964666635653330316631
38353262383461363663306535616436653737383063663231333738303835643537633237356164
39623435646332653739633039326261666639363263613637636633323865646162353937336137
61623435323365303163613437336433343533373564393336306363323036666461613332333331
35393936393730616466666534396238316130373263393134646563356365323332656539666233
61323864363666353666313364313563636334306437633233326538313035383964353537316164
32303465326463613133613065353937613430353235633866623839633231346236613361623830
34336532393036643739383736366631343036393263393631343338333735316536616339316562
37323561356261346666663563656637393730316639626238623863333161383837343863303935
31343063343163663862386531313138663538396339373766346363306564663631363532663938
66396162393339313662346566373038323239306432663962653333383434323365353563643335
31313264313036333334343463356135643734616239336561373039323133323030383563613038
65623834626334623635653361356430646335343366666361616462663638656130343832373262
34626639303534313335333737353162323063333731336638303233613430386462343033646162
36346261316630636665353032346535326366336435356239353931366131636362303565356362
37633632656334323265343463636337393465313636336238303333663962336661643363303831
31383666663336613735656263626332393731646330386663396536303065323432646365363639
34323031336664613033333364386631333862306134306133383530333164363066626635333433
30653838353835373933373166376337373265353430653530386530346537613939363562666261
64373862666336376435383739343763333431636266646431633231663431333135353661323964
64323030393563313366613732393261646332396564383462323933663133313836333234633162
30333031636164363761373365383435383162313036336537336661376361303462323235366134
63373465363565396361653762613464356330363165373732623961656633356636313731343862
35373862323230656430373632663362303964636362393463613865623563366431386132383239
66363632313763626431393739643238656134353262356639373836353331656634643032316537
31663734373130306462636334383431333866393932636561646138336537343030363662306137
33303939653834666130396238376531336136343730356538303366343862346438306665646662
38656437653962663238356132333333326564316464323637613263653964643536376635336537
37636361653663366334363265373966656230343561363061323634393166356266396166623862
32393733653164353333326663343631626536613030626562386637396138343765656132396266
62383561643337643263333564623931333064653337313035373933633961363931633761313838
33653363363337636564666263626334366233333733373036356135656361653462663462623261
34343038336130356532316335613264333235613634366234336437616436303966383037396462
34356539376365623430396435393336303364663534326364623432336137663265633362333064
34366533613732323831323065336536316335323239343535626534613732623766376330633034
32346231663466336239663733643563383762366634653336336533666132306336313766313265
65343736633130633866636262396637646639663838313965336439353064393131316536366433
38343562306562646630636263656639326435396233633039376433353233653962383634663635
37646138326535333964313063623863393865386664353036363736313764396166313864626533
36396561333833643239343866313239663337313264643561323133616236646233316534326236
64346336353066613231663431653333396366386239643434323932356130346535613066363561
65616463343763323335613663333338346463363635383864346166343334366133306130623933
63626336663264623563306166356134313131326462396430336632663361356535303530336239
38333339313837363065376462646434366334333631393235316161323761373438643535323864
66383839396439656232356164613836333536363139386539356238306133653536303632313234
63383037356639653137333530623166643664353764363937386530373563633464616231333335
38356565633533313236323034613430366335343539373731376565653663366433363134613738
62656531383835653535363162323535623737356437653966333336653765626164323933653762
34346337306533353065363933613736376433323335316433656335343561643539366630626461
34356465306566363737326539373436376366626166613662663030363761666266393064313739
39306335663965376536666164326132303665643632336332393539333462386631613965343933
33393266303430333731643437323764306333363737373836316131366562383862346464623836
66343635366430626433333638653934336230653965323237373033316263396361646431666431
66646438336438633138313366656334306165616437333932333065323961303933666561383961
30376237363736336334316631363762333431666564653665633336386635363037653633336136
64353737363439396465323338336264326264653033653266373366636230333938633539326132
37366637303335303465326237323863663162376334653632366232656635323264323563363237
38366132376632653364663364376331643339313363656333633832323334316138363733323635
33393231663133353663663737633662616264383036323864376335323664316330616462356634
63353132653838323566623365363035353963356532633466626432616432396134386664626365
62636639623535373064386332333634346534666538666663663766613462616231303663363438
39386430333866333735343932386563323436613938613936666565343632356531313161646634
37336332343533303134663433626162353836666633353238343264333431613363323162613164
64313837306161326361613364363637663361313831356662663034643131636338333165343262
33653135313933323036333165633661366137396565626531396165303663353835373162353735
33356665316566343938366137616433626461346462626532616365633730373863646437353066
31393365656566623132636233336563386262386334373163636538393936393665636135303539
36616339643765386366623663306464666236303934333834363861343733386464653833383434
37666363633662313265323635316433646630346230393165396539376135623131653864633236
62626436393238376165363964316661326137643732333839633365313837316665373462366433
64633634333430633935313764356331383862386665633232646263663561643561643238333637
39383034333363633065626663343734636430633364353532313138336530396130326561356464
33636465636262666562643062613837623231336661633034363235363038623730623539323864
39646432356461623861336264653562363637663534323134643765643536313762623264323538
61333263653130643539306233633639646632626639646138646364623237616563613662646463
61343366343430363139316133373061613839343164616335333938323230323565656566313966
65353936353463643462656462336565363661643136313561663230303838306266336233666633
62323562623461653131373261663435633866303430353133643165396466393437393733376365
30343233363664623931343465316333373264353734616561646163373064663266333732643762
30383831333931343339326137613565346432373139353062383935313966643664643865306635
38646134396535633134323061303564383833306534386533376432326336396532303638663033
65353635616361663438323562626233633235363333613135323165376336346239623864373238
37363636396163646164353838303763643363303564636534333765333739343937366564366332
34363835373963613262323038636263353735363461656137666562333465366464303061313931
39326334303361303063383332313332306334333261666364303236376135363539376164303837
31336333623632396236623333643765353338636637396539666631353630333964663531626363
66343765623566373061643562613466336239653338316534653865663630303262366161303337
30323133613638303832396265396339303637343063313433393834313134623062646638363532
35313365343762353835353763336236303335306639343232303738303630373633643936326538
31666166663831353332613064323239633438626361386531633939383766366131663639363333
31356133333236306134393866666365303735613839363664666462303437303831353365656138
38363561646333623361396636313464356463386338343061346131636237316331666362353630
65353366353164326331616564373765623539663363383931646464303731343037343237653335
31623933376338396435613230636432333538326430383361356435326130353865313364343038
65316133343664373137386662323239613463626631313939343230393338376136393436313365
32623132393232396331623134663565353835396463356336353434303235656230626161633132
39643834613133373666633639336161643634343538356336663964353066666165653338633938
66333364306565633335663265326361356433326265353061653964373535646437646463366634
30653839323838653165326166343133366161646634386639353265323334643836613762633837
31333338303961313039363037346361613839646435636334393861633139393230323633396261
35633731626262336530326539383636366131313833376464633633663432366164366163313464
38353039646630306161666261633734626130646561626164353863393331386264343431666637
32376237636164343837626339633665643932663238616230373037353635343862373134393835
65393030393265313735656334303132363935396465646236336439373464393439336535376162
35336562613065653431363034383566633133306665643838626536373163643138666236663164
36656232616265333338633465616165353034636338313363373736616235393532326161663761
65646337303439383363616132353833653962303632343230353161333437333737393838366433
64633830333962616338386632383032323865383639333261616635316634343365393533376639
37633566393165343531613839383134383132613965396164383666343833626331353039393639
36306538313137313365636232306431333032323961323265626234646465366466326466626233
64373232663636336237383730353437306234626563353835306230316535303564623132653134
33623064653838396534386230623365356534633365396139663137336639393936353534653062
66333932373234376434306336303664376536343464633635633931373961373132306330346131
37316463646636376165633035303734313438613166663562613866393662356161623132613862
30633431353062643337643762613965626239316437303734316435326462306531633164306566
65623539336466663761666662353465346563396239623930623337376264633738353630366565
37346139323939376338656238363933636539613534396365303838376531396134353133316361
33643066383831363436396662326136373038343134663038653165666165636239373135663130
32323462333235346534373538356531306664643364653161666437323764643135353333653766
38663238656432666465383231323334353036303562393766613364346531333631623138373161
32633834323463363936323733643562303634393037323339303535376663376261336661326233
36386135643832616630633632396535646638646536306539656561313136336665663261663037
37336238646532623232663065333637393862303136623861366637643939306361303233323433
64353438653865373364386439363261333334653934623163353161376433343233306536633461
66363564353866623466396136653338623532306633643335333632376132343134353339306338
30373564346362653439653837653338383133383463626465363861363762656435303930373736
63616161393030643462616133636161613235613632336231646164343533323462633734656531
62323637613037653031623236383164623139613863383939363037316433393831396139383135
33306331353630623133376239383965373738363366323235373962623565616363343533393262
31316263646266386664343639386161386366333162383062323531663861303935363335643137
36623232636236373739663333646166303433353930646136303662383336326535383431646532
36666565613534386363373164643138383039376662616362356361646664373465316234346261
64393162303438626636313735643238313838303639346464353032363838663461356237303763
61623039316336303337356666656238373261653836646231363163343939623838306163393030
61386461346532616565636164353039396334356362623436376437333265633062363061383364
34386233646531613135316636353636616131313532306365373862333933653463646531616331
65646630643734616234306434383132613033343230313436366366363363306438303236323462
39643535333539633732626238356566373364313034346639336235623736636337646633653537
64396430323531626464643765316532323034326131383464663734323864663037626233383064
62333036653938383161343161343761316661613430323131333865346333376636613566396161
36326661363837613233363832663065363730303733636361383636373237366537383163306430
65656431336436646430363835376466643538313738363637633836336661343134656434633238
31346534613534373565306463353132393036373032353265666235383363383338356235303664
30396466326265636236313165333562396130643362363962643664323638343739663030613362
31313431636366373137386332356434343638623466653266303763353165656364613437323863
30363066373331613736626466383639373461616365633130323539316264366436383235386464
33636437346263663064336463643163386130643261393434393666346539626534343965393566
32363764386538633936616462643666643239666132636136366665613637373930376664626165
32613163663730646533353230633764643534616637346239373436363833343964346563306366
35376638396564663838336263383634343462613833373630613561643036343836386238643965
33366362373266326531323532643636663236323763623537396132393134386165643562306133
36653234663762306663613566636661316430656661393863356462613761353563393331313539
62643766636631383536613136626230643365393464376137343330366362656462333866306633
36373338336239633534623338303732386662303233646432393337356337336131306461353537
36383631343666363162343231356132363534356537373866376465313435666339393237376537
39393936653533623731346662623237666465333933666666663032333534383333336337643033
39303732313539633939666630303035396163613466343539313961313838653539313536393362
61326562356462663835376433363962613561343063613431666338313263393335646439343566
66336330646530623638613564333134386239333666393730316365346632343165393133663164
30653835643333303865613635623631393831343231303338616236653331393265383165346538
31316361333235623837373231333532363233666234656364366337656530653930643162396566
63363831353061366433613238623762613264343435363735333964653331383863616233306231
33373665626633336436333932326137633066666564653835633939373736616532396533316132
34303862386165623631383338643032656335326533616632316637663561633734333363393132
34333632363639343932323466643137373365626336336233616332326432383731313833623031
35626665663538333233616465303833623162363636383937393835336131396338643364613033
30666333613038643630366361376537313633396137363363353662323631316537386534616233
30363365636633383666313334353363363364373232393862383133663130653038356164323033
38666535326461643535366230666337303932656132396461393562626639663037643038373562
63343434303938303032323664666461646438666131373438613735663634666433333838643938
66643530633165383731346230393434383562616462313337326264303964353263353066306433
38363034353334613935306336373462613633646133336231666135636162653364643037353339
62393263306533613834363965366331313064313930383230393433303235346236663331623230
37313639653838616162643235643535633931323466383234653361363937346262653765326262
33333138666464306464623832363965666561633061393435633161346162633265653430626161
32303362636563343232363064343739373539363739396537383731623233393262623138353739
32636362643863643666323633366234363035313433633332353736626161343935356637316332
38353437373638333531343033366532323936663833633737636564613430616562653763356634
62336538333431636362313232373164346162373464663832313036313461326638656562616364
63396261336332646533646231356434613734626537666563633332656339363665363536616337
37616461373161623730613030373966316264643762313439663666356539663738313363303565
38346266613763303765646534306134626338343837366534663135616262633364326438396666
39646265663766313539663537326432383834316663373436616162626239326234376662356136
62393636383161613762323834643031383065303339393831626464663337366338373263376634
63663236333536333365376138616463666364663734326434323061316638396465323331613862
66653239373961653865353730613130633937663434373364396464653137303436643961313339
61386563366164643339363338396639323561633132666432346539333364663038393839636238
66616138323437303934336436656334306263313436383439623035313665656132613638336136
64656630366139343230656337393436626130366134316364656535393634376331623264616465
38656662656637623461666432623130356235343362616365316566626535363364353935393864
33333431643062313062326331653738653838323933396539363265613531346234633363376264
61613332343964636566323636366164616663383766613465613262356463353139393633396637
39333865663663356463356238363662323564346533356565323430353635363631366437306236
66636661396266393962656534306134343265346562626565313663323435623632633062626138
65343866613638636533393863626433373432336439656533333432316132656530653163323165
66616331316137303735356537633038393831346631633239646334646630636161373532663232
65336132613233336538613063363962363736613539313666313761373934643537356662326232
65333635376466353766306138373166363838363665393236323531303636613333313833313038
33643962303965643434633764303030363437323565656237383130333736373038313936353463
35303034343563343938303334393964376130303635376537643666326261323161643963646633
39616131396163306465333038373839326165656338623162663837303537333362616139653662
65646535616532636534343165373065383932616532633261663738653437316666613131306533
32653732333239306363343230356631643463643237316432653036373439346131343933373931
33653433346633336265313336306537346238383265363765623366373636666466663366316566
62363139663233323039323162346531393466383637383338626630626431346137626464353536
62626332633038626264313931323930623932643832363531303366646538343264343535366130
65656538393738643762363633376333323231313461656334653837343036303931653732376432
66663965623735323635326232306439323937393163393937616136653435356362383635633535
38373733333631663033386665333564343933313864613266663763373937333137376232366266
61646237316666363164303161343539366430356166366635633436356332363532306434306633
33393262373732633530323163306666393437386632303431326262643663386564353637333862
36363661386638343839306435633635336537653263383734323036343161633663653263343136
36303864613862313333396166386431613531333531613762383761346138393532613765313863
34343335666662323036313130373039636539613938383437306231656364643230313266313161
34363066363532323334646632666461363230373865393264333633383338646163663231393030
63613332336230623836663731376638373763653839663530623637643233626338613031303633
32323136653561663436366465613633643835343863623562633037316231383966623539626464
66313462343561386438353966363264633163616236626534636364613532643663393261376533
30383930623237313065313539393530353564623639323732366635383835666634323630643137
37313063633935636139623330356164343236666133303738633664383837623033666363633865
64383330386565643237376636656236613462616531346330623461636637303636343566356565
65323932646235613036323537306531643166333032383864663533393434376164613834616335
36313537306635393762626165616332656630633265303535636537653834623464383438623531
32656366306566363963656661386162343032613161393631653937623631343330663039663461
63656562623233326231376439376132316439613264333766323339306431363862616438663763
37376265613565396662333532646538313465336264636431396665636236666631303935386166
64666337666239343363383161303330653230383962346264623838303363383532353233613539
38376133336237656466353431363462363536356130366630373134383231643231373961613537
65386665336135633634666365303730336161656664343061346339326466343533303364333633
36623164333231383339376265646364656663343761633462396565656632353835313230313164
64616337333431376238613032346463333965613037613934316235343135656430313438333735
37623261323030303764306332636232643834636539653531346232636336653134633730363364
30313365326565373032636539383663366665303939316530663865346562666561326332373632
62343030643562336133366663363265626234636633336638336266333632383935616534633866
62323430396664666464616332363431336164643564323838613833656630623334303039313063
37666339623033316134386137643766333664643636643366666436306239656333613262366466
36623431316437376132303037303536396438633135663464373337376638326235323263643733
33363730626232306439613366663230633931636362303661623230373538643166383631343939
37346261323738666638323638643037633964663964623032383461346336373934393531376136
31663563333136623832366661613163326663623966663665306361373734333765313262303937
38643835343538633536373636303963373532353534393061323533626432663361336165313834
37643033636661363637323231323464386130333866666339663664613565633334616365313932
37613934366434613562643532316264636635616661383733646564323861663134656134333036
30313437313466646630363534616664303139303962616631373262653730363061643438623831
65363262326336333736316438666365663532373533303864623234653633386563326133353939
64633163366362616434343137646533646234366639303836663561373734373062623265383835
31663735626338366133343364326137343734613730326234303131626661373233643832616663
33306633336365323734656465613738333261636137336433326564306231326538336136663165
62643632616363653164373331346338356537666363306162316433393134666464346336326233
37343638653336623063646639663233613162303631336631623732333536373165633534316630
32306431376266316266626562646139353762363665343938393638313837393261616130316662
63663832356631653835626361326366613934633937373862353337316132343832353037313965
37316236393839373431656631613437376131383965376235306338366630356536663962623162
36393762373763323437343933353763336632376336613064373961316665373066313536376664
31393034663463306339353134653131393230656261386637656530303166616431663738353863
30343233356365376461343463343839353161393533303737613532303266633133306366343662
34303063653261333630336535363464343332643434373164383833633665613939636336373762
35633430653765303838336231396237646461666237343438613966656565663033356565626639
35323231373733353461353262383438356365303939366565366137663535643563653537666436
31363932366530616366653536346466626564643862326332306164643735366564643436313965
32386463373663613162303935633431633463366538386365353936613337353637656539666161
64343235613038333863363764663039636564393936316538336233643963623939646564353431
61616439656638643034353937663232643061393666363432626165666565643937346636393333
66363039626463656237383037666566616633363433353634306531343661306334656265353533
39306531303866663063626635366630643736353832386462353862326466643836656233333138
38363030316661356536663236643331356565346635633432643764653038393963376163663337
63353364393265663930343435306435623239366537366237663130393431353238396639646234
63623134613133613033643662643662373837333035616639333137393263326661353236666538
35313361353063663863366431313635656136653138633739303136646361366162363134363936
30396266393764353766353064323563653631303131653835333562653132303435393764626334
33303732666463303136313364666533313636333938393361323664323837613631636338616262
35666639633335356264346632653839633531373939656663646535303833316530386364653634
35316534303266383266613832366436653937386636633931323038613833333463613731313731
32613035363865396533316630643262343065363333626539646631353430623966656436343365
31363431616665323763336266366464633561653764323531316262626132323738323434353863
31626662646238643163333731353335316233613132633135393139353833353234623936376661
39643836623434333963356362336332363962356666343930316633663333373165633865623662
32356238376263313037646339356463373635323365646561633166326564333862663739656538
37313065643537653636646538643165623763623466386635643439613238666566343263323461
62386366623462353836636132666662616635653139316661323339393632643033613663613936
36356166656366316531353435616639656561336537653838383862373435323338633335353361
33366631383063663965366662376161643034613630616362323934336463656431623136383230
31313536393262663433646533613065303431333033613336393666613832336539366362366437
32346433313063636630623464656364386436383662666137633437346536613136623036366235
32326463343365383633643539363537393432616631366562333434323739366232643039366632
64636466626163313933353133643631373732643734643831633236363865636232613334346233
35666262666331316530366238343366386266623935326639326131636439656563323237376439
34306631656562653032393138363131663262616637663638626365306636666134643662666637
33633839396336346638353236643662346565623566623431363437376538623366393937313538
65656131653934356339656530366266393664363239356162343861636637333865346566373132
37363034306430616162643261663432353735656436616236336232396431383666333338323835
35393635336234366366616136666463326639636634386537376231613762663137336566373131
32613637303861363134306364313133663230643065383633653032383735626166643030306232
33343665353865343831376231313966303366633664376461373531646634353861393465323539
37393531613762333562636631373430376135326433633039393430396661316266323333363837
64656437623031333364373838383031383836653465316366353561623037383232363962343062
37366634383263653437633336383335363734393333343662383265396539643161323439663662
31626136393138396630336363343165353137656435666535643562306435376633313063323634
63333032303866303035613161646637313166616465313339353936663535353536646665303831
32633838636138346239653736663863336537666536636335616165626366393561376530356562
39343261323065356163343531613631636433366563363633393332323761363161373638383231
62346561373538356232343932326130343932386535653938323065383533663831626165366533
38623631346465316137386361323166653065633362656638633061623462633936656136613563
65353062366361303435356465313337323662613566643132653330323432313539383736353430
36366331373131353362633333386361613630306134303337636463393630333832346237633539
63316435346636623535326661346563623638303363646162386230626434393565653330303162
63396539653338636531633337633662366661343966313237303037313036653463323665383937
65373762653839623534646562386632393836386132366364316238303565623966623939336235
30623237303865656135346236333138616365306435393763376337363163303434656232323233
36653736643064633432373435326663373632616238396533363464316134383864356538623736
64306434663433363364343730313038323562633663306461383930646566316539333135316362
31613635363936396332353637653763323236323132646163623234356136613431396132393466
63633061653266373637616162383964333431386431623932346263303962616439663564323863
32396264616363363333633237356630336539313462656631363262633433623431333136633363
36353439326565643738316639353066353766373964363464346266643834343036333563653962
37383334303435306566313531383231383532323630336534656331316164616632623933346239
38343336666339303036313265326263376436316161383036323166316435373862623639663736
32633666366130363462666362336530626439336330633339316462636461666161326636653366
39653536313466623534306238326561356337313161613666326462366132613937333831303166
37356537303630633065666237616264386334363133303630353830353665613137656635643263
31323561313239663064666634623139383132643533333239636236363238303830373138336363
61643662653964383337353932663232303939663362356137353263346462623265316637396362
31376561626634663839366232373437323165373366663038663737636438666363356264323535
64623366303531616535313134616233626432316662356362326265346539326533396431316262
61353435353334636133633232333263636233333734316230633662623536346266383730316235
38613166656534356339363138616633616538656663643063636437633361626633613833326438
35613961356139376433346565376637633765633334316131633666333535363666613239373034
30303132613230316166396230636331653164343938646666343166653436323230363462343131
64643833383663326161393861663734346263353836666435613233373535336362383732396332
63306663646132353861363762666236363834306637636438656366366265323335383639323338
33396232306536376431666133313863346666386230633132623766303238356664653366326263
61643465333631363865656333323334633961323863346662363735316231323866303961356561
36346630653632303136343961663266373837316430646531643937613839626665333835333236
66316166376161613131643736363738313732393833643033346164366161343364306163633733
64663139643030616136323838613766623165623336623766646366353561623665363263643832
36623036636639663935666135663866313163363438376563376233623964396131343631643665
33303366316335343063363431333165366163656462666437323261353164393330613934666338
39363564646135326134346162373435323939346339643433383935663938636131383139326236
36653666353939373532343434626231663766393332633732303463653638613431373833393437
39333061366662323661643038386638613535363966376439373966313630663961343764373838
61663766666238643230353065336564323631643137626261363030616339343432346231336361
38303966636537313264376131383237633865353137373361353330353434643763363439656238
61373538663631313962373464366231353034323236363165653134663565373733613430346632
39386166333533363739376435306236376561393730656431303139646635643334626366633034
34666335613966366134633031633334333664313562313933626536663734366164366266306130
61323738623636363231323837396433373933643732313663663831306565393838396637333461
32353035313266326231336266396337666338366364646134646666383763336664356261653431
31633462643938376435303438386462633433666561393932643565313466343635383433333362
32383135663733633736616333303964313731356636626166636339633430353461656165636637
33386632613962646666306538623433656133363063343335653763326363383239346539646631
62376633316665623033643930373432393436643166313665303164333463383864346365376637
63663237363565303866303361373431666437666366383032613838343539323063373637376364
62636361393366363634333432616463353766616663346133633638383236623134383938316530
36666163366533313836353237343838613535383665336236616162353430646233363834363730
39386235363861616434373330636466656539346431333135636632613534643035386439303234
62653464393433343934303537643439323462306263333336366666646261643437393334363164
63363235383931653964383964323835396466326337306166353535363238393963613834353130
62313861366631323830323938386565303037323133376565636132353737323530303964306635
64366237646363396239326539383630393330613364333361613835336134636335396238366531
34646565643931613436646232633664623630386466633162353031376630373535353634666365
62343931313361643966346131613438343062613130643161306331356565643864303562383832
30353666633531323165303465626431316336323437366234613532363337333138333066636136
65663164653766346166396336323932366533666266663836626362333836646238656463353061
65326431333861383331633138653231343433333164363066393865363266353264353531333338
61626365366639363133393533383836613137633362376530623663636631636561373736336364
32303832653836323165633435623335343966336436306137386434303138653035316262636533
35633535363536393031386534313533393664383061623130303064653764626336643936373331
39646331633566386661303839323338656431366561663866313862613161623764666162373362
35613865346638383434396333663565653163613062393438643665376365663061303062633033
38346465656365636362386330306333633432333237306232333566386262343263643033646330
66626465313632303032356239303939393432646634646331613339303438353831343966626630
63393332343734663662663031343837643966636337613435363731373363646261313132336337
35636132633162373035376331396365386336313437626138653939633931306361336236633437
66306366393931373235363963343638656138333736373935313339313331626236663662386230
64346264326139363130316364396532643935633964306162383734636533383665323135343430
32356330366438383562313766666431313938333962323338343034663031316363646238663430
62656330643930333934646330666662643435646561383565623663386232346665376338663830
39373434366439643830316439636231656632393265303636613132393536663130653830653136
38646166653063346438336463316161646234626234626434343937386635363035316435623863
35653338363539616630333564386662396533386664633865346263306435613363613239626133
39343137613731306636666464343939643839323263623734306632343337393837626262616365
36633363383666376636303464343034663365643236303135386562353132663666373366633838
61333863346232303533316639666165646232333034613837653436616261613363366536653866
38363737366132323639356462326337636466306665343536356635666461376365356264663431
31306137386332313832313635313134633664326462643765323735663064396234343637343731
31613534653565636564623038656564343664303533313164633731396163363833616430326362
63613331373162633461313633643939613235636236346539653438306466333037336533356464
35653733323165333764383532356564626439303732616161353064333662636431316534336461
33336433363865323466376661636532333130616538633835626134373533303061646535663564
63643630626338666562383765356232363835346463386564646334393064323834303933316334
64303934343133356236636131353035313662366464393062623239366164333734643235373931
35376565653231643736353032643331633166373135333538323031393265356639336464343731
62623665346334323931613839643963373266373265626138353434306661646136366361333265
35373937376163343631663031363635386537346361333663376366353435393837643235333734
36346364373036356330346662656436363638663639376438336530666630393261303162303031
64643233653338326463393138313030396335623233326339363231383835656637333934306334
39663065396166646432623435386436383662616338623834353438336537356232663361316137
32343164323362323939313135386634393834663264366536383139356462633961373139343537
34323931663465313436306164663035663733356533323932613863653063623465383738633530
33656261303538393432326332316262653833666135356664373662353062663630333430363663
37323066646463616533343835376265306566313738323834643134653861313537303238356434
62326136616465316461626561333436313433356263343930343563316334613465663937303737
39633964336264663864633235373937323539383931303835633565343435313331346262336562
32326238373133666365396632643666353765396162333033376563316239363930643730353964
61313265353762616136373232663665333039386433373537633235353466636431656135376632
32303531316430633338626334336235613162346135343738623438396537363233666230376230
65663932303863383166326636326435363630323439646335636236663564666164653232396330
34393337646666313863313337646264326434363139646639313534326437646565623034323439
66326364643237366239626137646437633966376331323039376230363136326165353738623339
30306633666131383335623934336562303263373561356365666531386437326465626537356337
30623065636337653737363766646330613764666361366537626366653834643562313663613939
33363230656234333531363261353365353063623836643430666539353333363938346630643435
62653531336564666435653037616438333837383030343765326465343030373166386334336561
34353061376139363734343066353364376432376662626638633230623664323337316135323039
37336464656562653737646638356439353533613338356530376339396463363332646533656334
62353562303761636239636130363639323938653432633534316332396135613330643466353332
30336264663932303735323461386534363639343438343138623839353235653536306436646664
65343833333962363939656534323330356637386261326139306131303663376136396666343635
33376231303139363962336536313564323263643334376234396566386539633339663833353436
64373238663334356437663434643164313861666233323433333135646231396436336438613661
39373065626239643763336435383934663234326639346231656639346133663333333334393564
66396437613066346632333938396461303731386463306165663063323835323366666434613865
63376363396231303134343939383334323833353633336637643561346433666465663332643330
64366537383236623434366161376463623534303137666530396635366232353035653138363266
65653238366365303634333839363232313666303938656333356233336465333935356433363838
65336435336136616463663265666534353438313531396632326662636262313463393533336135
35633537313239316162383138393865636263306333373535646532663462626637353066666166
34346536323433383564343362393336303135636430373530366365633462373461643537306637
33363937643465323132633534626636643136353033356439643961373463663364373638373235
64623964383932323361333266663339346366353264353730366534656364376466643563323539
30646233303433303336303462643238636331643736313539373564636430613365326534653535
38643664663732346635616563343833353562356637303463383165393639366262343330363965
31313830636662653635626233363835643130626430356231333632383366613632333334643962
35623138666632386230626462623538313637626465386332396138393664336665653864333033
65323964363635396438386639633665346161613130636564393661613230613831373235646531
34383730653334613063343734313636376532383538333634306633613131386564386535663037
63343039303766306537643036623663653962386637376532396538623164346238336666303865
38333265663237646238646238303835396331343131333234333562663530376337643665366363
62396266376365383938353862383036303964396636663635643262623265616433313730613036
31643333306136633330316663656232616530383238346630393238333562633166393236346566
31376466663039633366653665333739326132313266663138633464303939383331646163363862
62393038373839636663653137303434376132643232343235663631356235653239323861353562
37643830333330353233663463646231333366353937333464623664346265386530336430653531
30303163643534363266373330393462396564373066353962383866646437373738353232383136
64376164316664653331376339616364353630356263393332366639306335383461653135626538
36316166656461663631623739373863386331386136336434303862396466646566643634396530
30336437626662353133616465343232306639306636303665303331313836306432383032393131
31303331653335366265643432623965376163356562383836303063613231303162653264356339
35326437323735356563373266343437353266383137383039383333306663613365323566653230
30306666383035393138336363303064643062306264363866306231666661663730326165303865
38393933393163356266336537333563306637333332333062646161326531323439353331333661
61623032376231306234633764656633346162343238343763333534656631613664306637333533
30386564323638653566393032313334376131613165303162646234383836326139363535323432
30343731313764636139303663643166383666346530633064613233616332363135303961393061
63376137613632373830333666363936323065643962326461376631343463396565343964366231
31663636663938633532616262363461376564306164666463613165656539303965303264386337
62383164376537323364663634306262383261346163333062666362656232386461656161353537
33653866633533626330643036666635623630353735653736333836646639336530646461343239
63366564623133376637353564353935393362383134336236323762393664636463353239666131
61623233343335353239366137623864333266623531373135373364376433383438623563646463
30313061323162653031353364383365366633643736343766373830386331363134303534623733
38613237313164663139653831633963623362303263616630336337323561313435303061636666
34366263346236313537303363363735666364343438306432373761656632386637303438373738
66623536346532333634356138396234623166373136613530323665353639646166396633303464
35626438353737393562643135323861346465633139373832333037363835383733653530646135
31376434363035316363323536363765393137333737323833383230323961323165356262396361
31363161383766313531333336656566666666366362373632623632663039346132336533633461
30326464653036653661663064366432363837653532333465643834366434393532353065633134
30333236633333303561623132333136363531383536343331306231653662643035323064396537
64333163633535653966623431356432313466343965656131376232306438643836643534666462
64633335326463653335323061393931643335666139336464623764396162376366623966626436
31656637333338643161396564656338353837316337366562303335323664343261386365383764
36663434376230313638646133316561623133656362346462643866333939643736306235336534
36383339373633316461393236306663613162383836363734663064303036623433316131306234
32323933613139346331313966373837346433303938613732326261666466373333393862316539
63613138396365346465326461343930343464386431656630633362643761323538343833633737
61346363633239356639353366373732343363376631346238383235303334613962616633323839
30393064343264666432383632616136376533346634653064343037393732643766343961376339
66343737303038666164633537633535613761386365623437376130386136633736353666333934
39626639323163613139323461653865376362386533616263633933636234303866326365613565
64353939306263656530333664343261666364633361303131326436303765363031393562376334
62303539343935353764373433366561366431373264316364363737646137313731303833633035
62623731643436643561343065626633656631353261613135303432333562383736616264623162
32306165623034313138626531363265323733383039386636666139656433323031316138646461
62353763646234336662376634633931663162633730336632636362623635356335323336663535
30313662343831343232633865383631383338613139343637393730643162383162353233313239
35623130333434323665316133386131383939623135613934346434363930333330383132383435
32643963646637636666313132303464376164653038376135666136653938343338356132396634
38636532643361613535626566653866336162326565663739656631396231646438663133653263
33373338363331656133346238653333316362356135653139646430326364303165353766623161
64343962633539316163343630356265343132333736636261333135613239363634346462653961
65613464386462633233366265663838383838393835386362323364386239323635626462383436
38383534313334313633356563343731313130316363343632356566636430316336386137393932
61393739323033376363666632626337313035663730636532333032646337386664613832643234
33333662323334626237336566303831656633383834333731306439353037313137366663333733
61316335313233653138653261616564383136323766366666316362336334666233366639623262
61346231623731353336353538326535663832636266353062643963303938393963353037663761
31636163396532336561633837353131306638393731376333343233636533646530643361666231
38663237383565663964636561366265313631346132356231333664626637663261623632313636
33313032396162623132333365363364376633633335646161393830653434393138616437653838
64343132613131366433653961626363393631396134353634613766383536613364336138303965
66383231303566393633666632633230363465353064633630363966646161326263623830623965
31633764343264316261363766336633656537316530646462623166373837326233393930306662
65626331306562393236616463633533623132376239633764326531663162626130343532303066
38373134313265303336353934633230396139343034626332346331366162636664663136386432
37393232353764636633323131373839663734623338333364626164643461363865316237616561
32366431663532353863613632663134306265353764376635336361633331656531383336653930
65323632346531616336383731653263663630623662393538363038303762656665316366656663
38323762333538383463633963313332323433623239396661326661363266646330633735613065
33616230336630643066313239663961336430313161643865323938666262333034383061396366
34353934353832636361333439613833333962633563313134346331646530623934643938663830
66363863633530633030656364393334623263636661323730353961663463363865623438336638
36623235653265386239383038313133306336353263343664366166383965623235326665376535
65643462333563393134336131656537396631383430386234393961323632623135666261336633
33623366313135643365326433393161356231373861643932653039323239363764306539333939
31343965353964363733653938326435656131666638613736303832643936623239383232663063
35636361313438306431373564393363613037393533626165306232306365373034373934313431
36356561313834343037356430636337393239396466383739333664666533336161383462323030
39386462323766356130323434396130636431653939383937666639643435633339633033323164
35366564393138623336373736633431333236353234383132633961643866326364396334313965
35326639316363626666393462316530663132333431303862346330313237396137623632663262
35643736363132323166353032636131313130643837366263656131663762636632616334653331
35623637306130623934303439646133663765623934653236613831306464623538366630383436
61366531623432353530393335343166353135646265346364653736643734373566333266306338
66633763663766353062366135386661303161326561386432383632393834613964613531623836
37376138303663343266336234623964303635323530646262343939386237346364623763643463
36656236326363666664373539316339306531653836343839616361376231383464356466386661
64303035383438333637613365303430356465396638383632323364646564356531376562383964
30373066393965383064313036303734616266363236626465303363343938376435616166343732
65363638633331386230346263653164626663353062303838323366366237613565646438633033
36336432393333366134616535323035346465363736643730643032373036326139353236616464
35346464353362666439303963323236313135323965303663353533626131356538613866613639
64363839303536306237373330396464663333333065303566633238363034636466663731313333
39366631653565333431646230396166626466343635396235346630343538646238633135333334
39376631373832353064346235396164623235316632643266356362633265343338373637333739
63356431396632383339663838376237616232663062383261616565383332353730363034663832
39383239383232323536356334363537623064373338326439343434306337316666636235396263
63643133613634663262393535663962313166643963353033366462353930643065353534653665
35643865643361313533346664376237616465656362333633303336323432353666656239323931
34346461313731333030383831306230306537653565643830623039623930653737316163306434
30613234396564656333653032633835316431633066366636366431613163336238346538346430
36643233663064333066616165653038373365323563336531373036353036313764383639313161
32316332396662396233346237623837653037396262323663663338333066383636646563653330
35643961626161616165373636363431633361303433366437666365343666333539346132623764
39656463356465333332633463636332623838373938373139333730343765343739323738653262
38633961653431646264356432343538326365626434333566663733613037313862646637366339
39343732336532303365373064376139616635643532663333386238303839396530306262636361
32376635306139613962656632353334623139623131653864386332353366373832343864643031
63646331616166386164376137393663373764373930393266383734303339663735383431363464
66393731303436626266373231363534386231616132363866643264303761376439653266363632
39373866316161383261623930623866303964376266363733653866653665393833633233626637
66663331333038666232366631633633353533343036313739396162656332663633666261616231
63333939316535383237393538666337386135333236623536363930343635336136666230356665
64346134366630383838393062393462613834653065313438383063616333623537343131363433
36666261303038323130353965323139373065323239333136376466633238626566373762393532
32633130633363353161383933383339363632326533376231346436303066323838376235373333
37643562373766356365326261643461313963363562313833303232353034623166376362386534
65353766353663393062616166313632333733343432353064373762386633656631613036666664
34383366623133373038633632616663616233343766643135373236306664633865623466653565
39663334323562343364393632656630646533323362653434643463393163376335643730336335
36346631643933663536353535653265613437363735656230323331656165316464626534366365
63343135343734353965353737396465373965316331323563306636393661366134613432646265
31353564373236356538393962663937306565643530613633653764353237363366363830643462
64363834353561643631393564666632313338643265373035656263313763336130646237336439
63373534633730616238313264336334633865373933326636316631623536623063653132613663
64346665656536633732323934353466363462303161666638386530333436346366393462663232
64363261623664336333326230353362306239376537346533303030643166316665323730613436
63623933636439383634343064306337336133316363666339636262333533623835343437666539
34633464383237623530633738313830613966343064366239666531383738386231346634633237
65653331343030333438633731316364666138333064303637303665343161396132303061366531
36336364396363376131666264343633346637663163636436373438306237313061383866396138
32326233366532643464366636633033623032343063636333663263623930323865366431326234
32363863316161376138636266643336636334643333373330333334316431656134363864333066
64333863383531353230396630383635363562613734313737653933326333373337366233383936
64326466353265623162356238663832616237643166636462316333653533323033613235303038
66613662333539656264363133393931333634646166336432393433613434353363643963306433
35336439633332326538353536323738303163633831623063346133303339353065376136623338
34373735623465666663643935623831626261326632373632656266636464356165386237636365
61366566333938333332323265626465613030386531303330653964623761346465306535383461
65303531363335343066613031363732653530636630316136353839353039623165633066336436
61386632373633393639353634616363653534633530356362323731383930353930396239343535
35316334663362626531343238623963613134633464666336636165306661353663616366386335
33303437386336383764376364643335313235343339396661326432313965393865613033383330
61326431336166656364313665373537343464633232646366316231343763646531383433363934
36356362643932623435376230386432353366376262353861323435653834363537663538653333
63633731383831666665626261366465373138316261373766633866656236646166623135643437
32303264373830623938626237613538623831613766376165633162663265323236353635633539
31373238653564633565643362363161396536623639363834616130383736613261633236613462
34656635653830326362393038373764643866316338303539313733306438636166623337643965
30666533303764323063383732353966623231343130656638636563663531343263633131316535
31373438663830303330306239343361663639343163323365616639313562366230363764643730
63363863626639376235623737306665643233626264393364346363363333336532633631323833
36383831343930376265346165373437343564633864363238373663396533366635353262643966
63376535333962383665303130333339643538336466383031333065626366356430343139333361
66306333646536373665383033313564353664353966343734356637636663383730393535376634
30363763343435366536386638326165656434323836323566663364653862366464313162393231
32663065656637303130333965633737396338633766396635366432383137323566383532373062
65333635383166643338313436633932326130653731393936656432313464353862326633386232
38326533636663613132393437316138383638613135653036323236373831383563363936626231
34636437333336646135386130633733386634633734303161626133313265666163376432666334
39363934373237383663633631643730303762366564336335623030363438343461306631613564
34626235616462653235613466383339326133313435376534653766386635313436306232333938
35636439336163313661303464313764346232383936373361343436663937626639336463653933
61313339363934303432636433393438656337363632343335383932656237643762616165346634
33346634323362326536303761316139353730393763376135656264383363346564376132613736
38353839343264366338626331393464376138656333373866393265653062303130633562333461
32333636343236343666636332613537613563346238656434326331313038373966306566333235
37326638633661623033333266653161393465653832616431663565636330373434653133623464
31646562353739613561643635323934363138303431393061623532313834356435656163663565
61383465353463613333656235316361363632376362393533646163653338623561623565303434
37646332353830306538333463363464626336336239366435356238343261346633396633663466
37643034333732396436626134393931643462383334626131383237346465303538313537636536
34346665343761383732313830666337626638353437356465336261343631373730623261393335
62643138333063633665656163313036643664396438626364323861336338356661313864666361
61613935303264333662323266613934393339333766366232623036313437636161666336643862
63646332316232613633343337633166313465373662333930336137653430366363303733626536
36333039333166666637336130646533383235666231373733653434646563343663616566666330
39663130653566666666353834356637646234323861613331656166303665353039316633616163
35613137306538626263643361633561303866613065656332306337356134643763663063326631
63353264376533333665363831313734366339663765363232336232306637386638396439653165
30333631643037613231393639313261653866363131663239353030666663306364313764623830
66393930653034623530316462366263326261393531306536646531623431643464613664353039
38363161646366326238383537616635646536666335383161656631303538353666396533373534
38333531333766623730653338343437646639373137353433333836666239656564343063386638
61393864396462366261316138333831376134663634613939363830356134633930626531313636
34353439396232646335323836656137653461643365663263666435656161396163323331373234
66643039643938303064316434646334393131643661373662333735633861613262313866323830
61363239373364376339386266323331636135396636343062343336316661333538666335326561
64643033666664326162663234306235306666623036623363393833313762396330353132353665
31653433626533306237373332353837343937633939613835663430396263376532386637343938
62316333663530313034626532373963383862613463323766653531383030613664646435613363
64336362376635626434383864396437313363336231653535396139383764616332616639306631
31653336356533353664383737393461663934333361383762653864306635313834656164396433
36316135333964623639313334353935333566323938376535373532623863336332303334333536
37643732376230666631386335326239636131356335326137346566356234663036643963636638
66396162613961353664623639306665383331346137313164343238373062383531343465363535
62653066393735663736636661303531323764663963343561653137343238366237363735346436
36646135623463373663333634336538656137393562616361613363316531313530393037663730
38646337636430613930313630323137366537633065333933386535326337333565313335643034
34643336336631383139393063666138353261633361313333373966393031366234653563303735
62306536366461666261616533636466343366343438303565613037316261333633353966656635
65663763356334316339396339663435356261646334373664316135343937336561303235313330
33613665666135646130656234666466396165306634626665666334326130323636633334376162
31306331363135616562616536356662393236363936346465616564306338373133616265386164
61313861333361656261663166353361373431383237396337373437636363353833363938376233
64306630313531633633346530333836373934666434653331353737303830313261356665303032
35373235323730373061623037346466666663343663663034373561363131613166363538346239
62393864636130653636343836653566666663333663643132383263346138383566303764343734
33616530663937623863303237353062666437623566336364633834616236306161366665336435
34643661666332663763343539383662363963366533636631356261343935663936316535373837
35396338636631626363336539626338333265656161316634346438623138353965643563356335
30366532393938336661373536363139663938613561326538636562613838343239373435326239
36613033303164633234636639363533373362356663303139343839396333373364343830323865
36303439623038363761313364393137353635313030393165306537323135323538613537383636
38333130643666336662333030316661306538383139363236313762376434333738373239363635
34643833363365633933613730366637653730326161646333333338346261323236643463316563
33386334623131306265356635343666336335626366373734373835393065346239346236663531
37613061653739636365613931653337323937343366666132336361303165653336633233353732
35373764643263313037386639383364383234623136643436626164353437336438366437383038
64313766663836373230326462353135626461363635376234313733666535366532336463353034
66366134376536666462653462323865636266646530626437623330373163623139663837386538
30656637393664656666633564383862623435653765633639313266363636353738306464333137
39633261386636363938323362653038343964613934393235386135626639303631656365646230
63643534303130303964633964326230346232653666383733663131396361633430663831353365
34613738646231636136623362346637626161396331333735623736353439333563656132626264
63333734346365626438346436613962333861323666336530666432613865393836343430306233
31366437653130366461633834623264646164376637626438343535656430626363323663386531
38373764643164343164363266343664376238383832386132373332346639366162383232316130
63303339616531373936313062356338346635383065393565633162633438396564306365303066
37653631373563303234613332613836393463343033383538666536633739623466376234613164
31383033646238353133626532643463633936326532336263633239623261356163653438323266
37393834623636653233623332306233653765633932376430633861626537646664376133656433
62653032626362363662656634343538613533303333653434353162636165356637613833316663
38663839376538393437646536613435613462316665643932336466396235376661393063623561
36613832333164656630626461323662363663303362363236643032663333393630363233373661
33653735656534353938336531643062643435323034643131633037313532643538323366373330
32316663386433623537613363306564366134626130393265363561316532383337653331666434
39633463333830343830636631373133323130326533346536356638613163393064623537366337
37383535303234646331373936623362346439303164393632323662636661653537366235336330
66396535663638623661306138613833306163386139393566393365323163333638666235316630
65663763363662653061383838356132313761623463346631626334663630323838316665346638
36643031653534313636386563353233623131653038323265643633633035636631613930326462
32643238613661616134376262633536353232313462373364323461626261376265323265396339
38313338323866366461666339353961343639363666343839643437303662633730383330353565
36336537306564333963306561306566386261316339666631396632626230363433303239366436
64613239356161346362326439303432613836366631343831343136373966636132643238646439
30346235623330643864383834636433363137656438613366643461333337303935623537653030
63323166613762303637393431646264306663326439643731616562636438626161313665383734
33393030393434333866643930626666663261613531353866646135616162326130386663323737
37333130386536306534383762303464363164633466656237393864303839616236363964616536
63383137386336336135306666666131363037383864323166306531366162366631373137613234
34633230313762663631396535306538376165383466616635643439393461386130663562346435
35623864383430616634323439656337306366323230303732626666663162663730383136663133
65386431653436323836356665373033376461316538353763663961666662656462623864376564
64373561326134306362316539336237636462306234383761666130363531626263363761613039
31646139613937643032343164646531393566313762356235623935333835353762616562653161
38373332383534356436643534346339623161346661383834323935303335306431336664643534
33376166633133353532323362653233323734336330376139636131623033353364343630313430
34363464613333343736376336653763633536346537386565626632666262316433633931653839
34336636376436356666363661316661336135626134303939343334633232366461333362653162
30346139336635346230663333393136626636343831363231656533633332663362616563653439
36396462663366386261643939633762363036636239653461386238656465646436633632323466
63336234333561396230323537393739643330656132633466363639303430623064346665326633
62643264363734373662633961646532306531643435393933373266653333363632363261633566
38323738633539333034393039383130353964316238326566323564616435653332623061326237
63313033306634666432306235666364626165616439336133633461306435343861666230383762
66336632646162323463323639396436616361313536616164666365656630303533393063613465
64316461653361343263383536353932636661613265626138386663663039653337363831613434
34616261323062613131613936386536663534306461386662386330313431643264316134363338
38383431643961356265356636336533616238373638643033666565363737343936336430653631
36623736366666313062386431343237363461373866623563343332366233313463616436393233
62393139383434343930623033626337353238326436633939343865396364396163303936633865
61346466303334343034303562653735356538333262303230356634666337393030663137376338
33633838616366343037663437666635346462643031336234316566396633363731653631363232
30336431636332346538343735636430633336353637636136633433306366616362633663353535
63393831393939383063643731373738616463653336373161373739656134373039366430333636
31363635393435306430633566353665626132353665643866636132353566636232343637393362
39363335613334333565663462346634646338386531383663626236353338363932313536373833
39366231353763396466356530373362323133613234663264366336663734316466633461353032
32313262626534653235633562656139303634396239306332353462613761303735636339346531
66663730633262313831633632353334616432626330653463373031333063613061636262626233
63333038363461376430643562323738653737313138393633303964623465386631
