$ANSIBLE_VAULT;1.1;AES256
37643130336566613164303064343962316365336535346464333836376531393938616635306633
3137363533336663303762656438396466353763663830660a356262323261353639393931303039
33333436323532643566396434336561373634393363356633313732393938376661303736373934
6633396366653066370a386535646436633939653561343035623031643034666438653830613430
35393864346166376530636130396663613633646135376565316238393235333736333632346463
34326636613232363035383030326438663764323166623038363330316262323839636538623765
38353265626334306265653934323537393437343431336634386337656131383037656137313663
32626565363762623334313737333066343862326234653138623030363630303334643739616532
30656562616333326265633330336633646632336235393638653162323665386261316365313232
34613630376331313566363732356531373766383030393366633066313132383161303934303034
31356138636264333834646662613962303465633962323262343932333238363935653231623834
36376564366133653936623263353436636438343833313534353033356263383863666537316133
37383039323663653431316561643965613634643432373264643163636432343635626133313733
63393264373966353335643766323335613337323337313230326231666631633138613366376639
39306563383033626433333330653630376164306263333466383030626535383833323363386138
33656636653563356632346237633636393765626439626661633739613463346433393066353837
61666238666138336332323466326566356130336133666132666336613263333933373064343863
63303766653031303139653336666165653861313139643335383536333764613662313930353131
32323061653566316161636465343737646337373264396265306431316261323537623161386634
37646630613030396262623833663734316535346330396335306163646664663436306637323839
39656230623261346239653735383932326138636132643631626161626331336463336435613235
66363862646132376132653935353631626264646335333561653865383061333937326539346261
30366264646530366663663530353936386266643235343363316330366433303032653833363132
32623332356362303830323162386131633762613235363735616562646430373037363137343935
36656434623231386232306239356431383238393066643032613730376132366338646465346361
39306537343063333335633036316238323366643065383630343830633939383036363433316432
34346230303636623235666132353436376364363164326662363537643438613232373739613331
37303632656531366664373537623931633539663062623831396338626430623939613833626365
37396239373633366435313034366661633761653961346232646366346463623132666432623430
35343064653162643331333439653834313532626137396134333634306461623663666162303333
66333539323261636136646663616537636536313162393634373733366665333962343632633164
34656533663764323535353536633336353030636330373134643832363332383362313261303339
63663966376663366336346435326632316566666533373533373064666264663431663663346230
37653035373131633036636430343236353365626132343838393739633436656461353866396130
62373465643662633961653465343636613337623538613632383031653333333934383235353937
36313739666332663466313536303638326230316633663262623665306432386135356661316339
39646466303365643131396537343831363066373930396133656164616364356263656235383237
62656437656536613038636234333361643962346636343830343236323661306337376665633530
31316530326561333133353065643038343538663634633632336464656162343438303432386666
38333436333261646230653132306166616163323435356639393661373232336137366334336261
37613037386137363631333636326237633839373063663838326137663731396365663861346236
31356361333736613335383966306537616565353565343832623130663733323266656166346332
38626138303362623832383266383562306537323162326366313466353534383038373639346166
39373965393732373265666435323034643038663630623933653934653862616266616337353464
35393062393163363439363732633830626536356164306161646232303733656566656363353261
33653064643831653063366563353265616539353861383338643433326230366137663065626533
64356564643633356661316238313765653832666330626465316166323332616335386265643531
61353562313739623765653864343138363338646437313037393438623765613538353134626261
34373662376636636630626635616332386561656662623839383966636435353366386530333037
34653836393562386630646561343037303934663463616566373739626463663662323333323931
36616162363834366333363763373963656336653631653639613936373665363761333536303735
33613130646561643861316339376339626435656664313035653730626339393062333337366231
35643062373637316363646432303834303164343164323430383836383362313233336634333430
37333263646432396439643964616465393133656232663666313465343631653763396262653134
36396432613366326161613932633339363232336637666336613733633537313430306566616239
66373164616364356364663130623939643866386332643532316130343434646563613833373534
30613266653230356661373961383761363837646638666236636365303831666331663738336537
37396161333134633865623364346364623663386265393936306331653365626439303562663366
36323266646337336233623636343032363637363231336532386131396163303236663133636134
37386234623566383564343139643363666236393466343139356632326635323338623431616131
66383966376433393463643938346365616662313433643338636537636334363633396231343566
33653739396435333238333937666331353432616430643564323563383033666263356338383963
33383061633133663165363266333632363730386262343030633266653463343366656230623832
61353839386538396163303137326232666131393139346237303638633036383435346662616236
34366436643732366337353031356261636437363236396333336465666239386434353333643338
66326136326661363432373065646163393334383931313538366433663936666566333866326466
33653963316632333162653164353238343634333638363661646265663535366561626131363631
37306436656564366333643934636464373636643964306163376330623862376431346139333363
64333237626137646635393233653037376466366163303233636531306430366663626637616265
35316465663261306532663337643761653137306562656635383232363763313033393132336237
32656661663464613735633930316530616132303430333033376133353437316264663761396337
66303333386531623934653161613566326230383632623335333661313563643332633664353562
36386261363965323736643930353563373661333866373632346631653738333463353332616434
37643635306166313064316536383862353462666334353436623335356561333262653636633235
35333537333433343938633434633134643033396134306237353661306238636664313536663932
66303866633364316434663439353937373962633663356631333435316134353733656164386365
64366231386231623833656636383736303862316538383338653765343366656332616363346436
66333261643436376431636464316134393965663937613861326266393863613035613239303461
66663264633235643036616638626263653633346638353637666334623161343539373566353566
64376137343238336466623237613663333237366166376434353733646230633433313763613662
39323830353361623931663935353762303634363634386138636466383966306362323435373835
61383734373761366364613566313238373363303661313835343033313562616432373138316539
36623763313763623966643063326262333739646537346438353163323861346336383262306161
65326465643037356462303638376537623163383836306136353661306133313163356363656561
33373136633135616436383231373466363262653164616361386463346565636436623738316438
33356564366239393137626338326438353837333931336437393332303465323161383335613037
32646534633438633834323730303164383739316638303866323165653238343038326634626661
37303434363839626439323764356239616664393333373061643139396232623732653131376636
66343362663662616565313766326263323839313365373264666361373035656630663135316232
62616136343137396665323137623931663137613561616130636536643762366131343264666461
61636239313362383632616639383436323035383964353866396162313930303764316163336239
39393834613936656638326635313738666466336161356531633966613662626565363464396435
64666264383533366632356130653838623136373132306463626139326534323137633465376534
38303766383136313331666336396130396564633562663161356539393038623332333134363332
30356663616261303536666432346439663833363965323062333961313039646530616431666334
64633338323562366332393538386135643666333634316533353765393665323765366662393865
62643863656237313738333130663533653434643735333832626264343239383661333430306134
38323238313437363131623130396633393430323335613834326539613738646261656534613063
62373966326632316436366662383835643337626362636362663238363130326336383133396532
31383036623665646136323834393133313839363132623032346637653036333934393364323739
39643534333733303566306262363630663732383032313965306337663564666132333238636137
61653636643162646633373639396638366263336363373063323431633633303465656164363137
37303532373831363439363263363130613337316462636566633733333535366231313637646631
32343930313834363864656365653933616164616564323335376136376662396561306161386338
33373233356138313963613461616264306338373932396339303130313134623236323030333363
65653564636432373931333437656534623962636564643661356634643161353962326464613237
32336663376238313631386131326139333762393836386438626263643262623064663037633031
32383565316133346534623962623761343165653336356136383135626463343733306633643935
62663133356564663339313262363562636162343461396339373533306631636163306531633066
62636233656139646361666662663331346365316230353534313063613761333662643863633232
32613437616338333738653963653363316562393561323762666366356362313738643565343438
30343539373965333833383437626561363133383432326561346332323030303537646130643566
65353764663536646535366162653834633635303739666661306266643931646435373035623237
66373362353731633339626338393331663336373835323566353837613561366637663962343833
34353136643532643932323063303862613563623234396264386334356334623963343438613361
62306561336164656336666661633965306437623663353132386564343863383135343236623135
38343461393762653830353035353862663636643663636335343339656663343635393437616661
35306131643831316339373064633232326531633539343939326136663538656563613064303363
39613961383063383965616436616439653836363366323831353337616366383633343062626462
65633361343233373162346130393833383466323633333433316338386461336637396336663161
35366262313334633966613130396630343632363962613535616161666362653262393966643533
63383032346661323337656338613334383136303834666566353833623061326234396664353332
35356561346236386435633839383637653832303436343462383835646538346634323932316438
61663533646161636531343762336233353164383665373933363461663533656531323535306236
30666437636364366238306335663865393634363336316432303066346339373736633562623163
33613234373237666232346434333337343862633763626531353565366438383931643833373533
64623763373230363530313665613966343131333135313163333431633366313338363662363632
62636265633633346438653066303464386636396530346564386361333461363733613264656132
36386432656331326137363430396633343435396434653238303464633062623736373230626539
36623966643866366235343065336334653631306565326433396565326263626161366231643639
64643263633964643366393633323237376138656336646438663265346639383363366665343632
33336638663261333861653262373564633565363435383837313766663937363635666465353666
31633634323331326663373832353037636363623536373138333861333536396639626230643832
35653036653138346539663435383836323164323862353965633730616132316535313636653166
64653266366338636439613430653863333863336231303963653661343133626236623832626266
34383935303137313361383964623464383366663335343662386662393663346430343066326138
36613230333039383763393463616137643438633538313665383339356566376138396232353033
66373235326636613431333832663161636132353765663030663864613731613035363764326337
39626337326163376231343832366365366165373934383562356161343032386634303133626166
38666638333036626532303930666166396164336562643161626431313930343765353437636334
61633837373737653439366166386332663736643133656335363932386436626431643633346435
38373566653966366434303366343665356132353530356331646338316566633639383162313963
39363132336237653735613663623330656565353935303336393462653433343235333563376266
34666664326332346433336662633466623633663838333932646237656662633038383737613531
64633261383464313763623462636465356265643533393266383132313336393137373830323466
38353938633365633635393631393662383839303464633337653333623161313034616566353861
36383636616362313237623934343433353865326666363234666161373465393136653235393637
62636435316530663962303336316437303134643532306332386238336665376362396432643236
63643436626161373562343364666439336563383939613237333931343139623061663230393031
38636563656532373639333163306465356238656333376630616365333434333236313564613563
39326362636165383638653939393938323461363738363031616335613063326436623535366563
36383663376338333832373731653166636462333835326432323434396565386162366436613966
62363633393439316431613035613531393237383236343036633465303632313365386163366336
30373934633862626333343530623133646366316165373538613933623734316363313935346662
62356335616366666164383133356664636137396235323133636130333930663833336531636633
39396335366463653036636230643635393762373432613230363863393861383835616437323366
31323133653137626661386433653139316636393436386631316436326134306566643036623063
63313864343535303066643237333263323037643737313832376664623534316363373761653035
66626561656261303430343833393932633638393934653036626434323138346261316163363766
61316633616664306330373437653439323832336666653337643463653262306139313165636463
34333838323965633665316236363738393431626332386135623265386136366539646531323630
32383961313133626266626662353639396232326530626238383530323566656535666335316263
63636464613634383838643564383263393930643030323039323135333435653336343162613336
61646661313737653237383464346638666539653336653566353037316364373534386532373339
62303832333232323163363162326239323764323464373237343436306330633965366537353332
65323631633239323965616664303634303239363064393433316237323166376365343334643938
30346239616631616530393039626563613330633661323033333032393933613733393962333839
32363135343166336264656534326463393665306535613666313435353635393563663830343337
66626336616165616638306162636365646533643038326366376262373966376565343862613532
65353165393830343832356336633565343231663531333236333663343162383137313730313835
32643635316530666538303333636332383131666661643163373039636266663135653633626538
63336664653738393266373239373565376664363836623063356662383933316139623262663766
6361
