$ANSIBLE_VAULT;1.1;AES256
62633463323439656239376666636563663262623332323765386538626630646136616431306138
3637613838616138613463643564343932323162653039640a393230306536303130643966386463
32353339383132643637316437376439643964353036616666376237363863386539313532333637
3838333063323032660a376264393861373934643630386132393765323034396462373535643761
38636565353636373164396564346162623239323961353463306562346364663162326164663233
64616632626432313331666335656566323032633134636162333761363365326238316330636631
66363334356263363030633536306239386137383866353134313630663264353962336432643932
31613764653530346530313936353364626532306538646637666366643735323162626465376230
35393533643464306263656338623530376439346133313832623436373536333263643031393334
65626362326438393839663862363038636236623961396237376263376562373337353335633335
32383230626134323939323039663564393232663134373434323030343338616566366465663762
61653939636333656133363430666461343033626535363461666666336561386263353562303362
61313135333632376366353131373331333563646561383563333763306165326563373237666439
64623631346566643461396164316139396163636266636237393664646634666462666637313063
36643061396132643137613865333863376437346666653338656465323235623764383263363738
64353038353733373564643038386135373866633866653831356163323337363734653661653833
32303732353438356461626435363061383466376135333562393337303231393162643737366138
37383534366562386136353435663937613232613830383738613262366462626336363536396166
37333961313738636264623266393233333663313565363163396432343064353964386433613064
65306262356135366263616131616562653838323233623930333830616534646264633133343432
32653530633138353839366165623163646534303832316232333939326538366262633466386434
39316337373562323932356331383663373236386132636664363636613666363832346634376463
65343531666461323866306637656266343539646330616432373932306237376236333933323534
65303531303732643964383461346635633236303737646466383232613261316435623232396139
3231
