$ANSIBLE_VAULT;1.1;AES256
64356435643262373034656435363233363031613834313462326631666565373565353034666565
3330653561613434613365393435623834623062616334330a333162653032303737346661333837
33373161633136333162386432376566356534653930336430363761373862303464646534613561
3839383163623937360a653535633839636564326535303534396165663361333238363737623930
34623166303833323562663963333862363563393335653264363339353634306366303033633532
66343939386566326235373636626139373233383830646661636136353138613063336466383563
62383062373034313363366262616437393738623732333462643338646461346335653362333832
33346538316164323361623964303365626263336462616264643662363762643562303236373563
30626332343164393030633531326235356461623131643734653961666133343730313964326331
34323435326634653231343234306566343632386666383639313531633835316431333734373435
61383338376363663336663739313532316266323836616461633733386336626534303264396233
31376165623266333230616461663166373361633333303139653334633633353063626633623435
63346532303837623536343464653430343730303739646431336137363566306163376366663633
65613138663132663263643436316633383132343730303536666439326362333463353963643638
34616234626632656661633764326530306463663463616135613134383039623637656230643265
66363536376130343239306563313264376363633566336138643565636163643032666663326439
39653832353939636431613734336163393063313462386134313733653161663332666161363965
38623766643661643865633737313837363866333936636431623539653135306666343039323035
61393437373135336436393033353061393333613634333462306330633462313535366465613031
37623231383339353133653661303331633235363234363931316265636163666562363062373466
32633931666632666132326538373363643535663165373165376333383861316661356232353463
64333765336664636465316531643530666637376631613366376466363238663339396532663330
64663138336136373235636236623963303566623936313163623635393161396632303333373533
64356531353664373964336562373564373365303338613331333935353832323934323263646339
30326464613732356639383465303338643534386339613865616232346537373836373536356461
34363836323035613033326536326334336264663862393631343065373966346434393531643363
62663430663138666636343265393231383137333333306364323663656431613532336137653135
66663736376232306630373938643538313536393338306534366638343261343835653131373264
39333536643162396466653039653438666261396432313737313731383034336531336462626462
34393466333538646562346334353335656430666366353335313630626639363735396530383363
63336632666534376638326233656131633636316138343934653230643465386636303734643239
34646230383234626436346335303635616164376136366464326536653130623965343866303961
66356538626235383330333765616139613062613963366138333931316134356461343162313861
39396466336665613338303932396636663963353164636532653463646361613230316464363038
64626635666430643966633130376266343437313461366430376664343931663636626433396437
33353663363364306234353037363030636464303466663033336236663039333331663937663330
62356565643937343164316136623366623832646636646164626565613832303565653765356163
61316634373763646431643562656361333163636434313837643562386561653936326562623761
62393437636138653934663533656262653632393330653261363738626535626162323939393535
37343331343637663336633831356363303337393538383130316366396637636439336538336262
37656133343362623737336539333135346464383466353236376562616164383665
