$ANSIBLE_VAULT;1.1;AES256
65373037333431323430616136336233616264336639383430366163626233633436656339333536
6230626431396266356563376165316665626666626465320a363261323835396537336231666363
35343265623334386634386136336462653333366134636632393762353539303932353838643666
6261616538336232330a396235666365343033356562396631366135623636663563376364633432
38316334396263623838306561623131346566323434616364353434343533386138613930313033
61633238343034623866323266386337353936636263353935666430393938643538636163343439
30646231646365626437396231616133343730343834343032356562383331343533626339316337
64613063653731323632363439636564393337633361373466373165663461376162373163306239
30333337373337613036366638353066646330303763626335643562666435646565333163313034
36613964666337363861303038396537623964303230313933613665326132623235333939633132
61643339376238643031303338393033633632623763373730353965616439333735356661383766
64393031336137366335363732393361333031653035656562656133303432636366646231336434
64633334346631646465643562636230343533303436643236633734633966663361653264613665
65326533636163613836393830393832626530323530363963326361356263383739326437613939
31353230666337323331613365353932396262663463396431313237303033366435653962656130
61333862613039666230383130316664313563393139383433333839393161656333353438356635
64303363393130626261303361636164633933613034336463306431333230643063313033353036
35333036653061653235383830373264633834643336386431343630643234323061373030313438
34636638353466623035353834623237623262613836396439363065343665623066626633653034
34623230633166383663643737656563653663633330333064623630653934616661393861636230
65613935353339383465663439323666393639353061626361643338623537386561303165656531
30633633376131343165363031383061353036313533343635653064383230346264353337353061
34343531663530646530313665346662643130653035346430613265643565626663616365316538
38343861656432376464666363363339656565356563356261333237643431396635623134363464
3961
