$ANSIBLE_VAULT;1.1;AES256
37376435643432326631646264643735616532313363613634353963653261656163333366623061
3334323631343038656666386265343732653139316534360a313461656161383639626263306134
64393432663061333031333962336436346434383964396262623962386266393533343066393562
3935313732666431310a666165373430393639313130623863636464353966383261663264373436
64613937303333303830306461396536656366303465633661336462653036363237653166643234
62613465303861623466326666303435653430643032663662383664643663383562613938613861
38386131653535383430366635633838643862353162333335363263643733653534393136323631
66653138663565613862653864653264346436393938643163623431383430346662343130626535
64396164303130336261326339663833343966623963663933303064333065643063343766306164
63393162366363643164353331343238306463643236653962386538666466393763636465306336
33663464363836656135356238626130626633306262333266356263393835613036356265623663
32366336626538623366653138313831303439633761363337373963636561316131343430306364
33363261333863303833623637333233613339356232663364313934646435633931623866343737
33323438373733386661316361653065316665613532343230376439363437353465666433313265
31333938346433636530386266653139653230653237383737643130393738656532393464393533
61316239636333396430656264303938643034653463333161666531336137666530623530393139
64623339353237313530356534666366366432313435656432383331396266363437646134366161
38656131373530346365653039313764643135343135336364356330316561323937393736643065
65333664316439336131393236346663366365626638343862373531313761383263303939623064
63643833643263623030306531653465356338346236663338656539353236326430383666316235
37666531393633323134326365636635616361373732383731613139643434323730333564343335
35623531626235636533616330633731313465353064323436613236393232653737643761343065
30326337396139663931633836643332636331346466616137366330656138373331363632643338
61626165313138376466333365633861303061663263356164353034393266386131356539623135
39626339623261353839633337353536393065336130356631356337323062383464323537393464
63626232363438646464336538383061393338653566313736366230316331376131383435616463
33643165633735303463386136323833373533643132303738613330656266303238333133313665
37333863663039646430316537346230623734616136633538643963663331623831393761333735
37616131306262383936396334376432393864346239633833333238323665663438386330663334
65316465393530643137646532313433623063623337643637323339633461633831363132343935
62313736666363633363636266393566366135663132363337343164663065396564343731633366
66636437373336396563656337363262333533333230306432633665643330353338316533343838
30363930323563386332356236626538643437643136373133623731306435613266626632336336
33303064336636356264313531396633313431653937326464323231363633383561653965366134
32636163316165613234396161396332383235303439633933623838613038366531646237363832
64353831653234373939626230383336346261663830363839323439313133383337333930353335
37343638336139636134343466653666343261373832396466623931636339363734363363656666
35306233653961646136326266616361323535343039663631616161616138393638363338623962
61336561313737306265613930626636333161356334613466353935343837386363356339313939
38303961643962303132363437363039306638396234636661623937653835333839316265636161
35646535626230353565653063363165623934373665303465626561666531323761
