$ANSIBLE_VAULT;1.1;AES256
37313665663463636231633736643037663764636265363339373966336666343966666562326661
3734613639346266656533356230393138653635343335390a323134366534393639303663306335
34353966623332373561313663393463343731626338633066623064653261396535396631336433
6563613630653939310a303139373934653831656632633864313338356638323035636535396135
37386136636630383861653439623739663336376333616430376561353232343165313066353564
38343561333061643861613030333066343230333132653036666333336661376234383838383334
33356662626365343032333363646535366431323239373135383462353533656632363132356137
64313037323063623661663631316262316534636263336334323665623731343661653766323339
36383333373230333466363266336333353533326237383463303164643332373365303636336430
63663339333330646431313539613435346537653365643262336531623166633336656461643234
63346138356533653462333664313737363063396538393366346633646238323461373238373735
62653165616431343237366166323362643262613435303766616332616562666335666365303162
30303266373161396164633266343662613536646464653061633935623737616363393665623662
62346137626538393464323263353465633866663136623231336266366466623130376536313437
31303436363636316364356261303966626637663865396262613130376164343832663064376363
63613232396338383538623463326237373139376133376333643364623362393639613466353361
31656332333731626436313337343466626239636566633538353637623665356566633266396165
62313830373534646135376430613637336637366361636233373130633032383964646266346536
34333339616538356532623635343939323133346330366365376330303136666130623762653263
30616534653332663063633062363561316663656137333532333835613037653636383039643866
64636235333531316434333661333662336162303333373165336331663866656161343237316339
34353639346462623266616235326633326535336263633065646165613765633363666563343462
61373834343738613034613535383030353763336364636431666533356234323034356439386633
62656537333262386434
