$ANSIBLE_VAULT;1.1;AES256
61353537393236616532626531396537326265656432366132343066646232323736633330666136
6634326461393166393437363364306134393138383666370a646164666436316433616334303366
32306165383537303430626336613235393433613564333430663030646565376261653135353630
6530383431353237320a666465303632333131663539636536663738396136633134636562326161
39633830623638396135663263653230386138363636643364653632376536363335653335623662
34636630363634363433396462313738333261353032396336356364663462633136313039636638
35353461623538643839363333613062623538323031363062613634303338636166363233343963
36643866353031626330383533376464663861356632376130373962643638396633346162636136
35323066323932396430613535323839643831323930353537633038333035383262393037323963
36663137326637343035666635643364393235313233363737363966616533306665323633653136
30666533633837663437373934623738353431333432333663343139306531666336303033643036
32646335366230356262306234333135363365376166336135343538306134386236623561363639
30373162373630653061316536313932633934643962303238663464363132366439616361623264
66666566306235656531326433613935326465656164623363333039386566363636346563663630
39373232386266633966323433383363633632303736663066666139326438306634333637656261
31326662326634326237363839386131643734656532623533346462356132613062346139373861
63373639306132336132373439356539343665663935303764396463653534663864636566393131
66633666356132316639303335653234353133613937393337643361366364643730643930643763
37383533346636323664643961653031393034336564303938346431326331346439313365306265
62393137623461663138356665643531353138623833323435363436366434623634616638383764
33306566383530616138626661396162643734336435376561353566643236643864313864613535
35386230623532656136326163353934343530363665336463666437653763336364633665333565
64393034613562393761616235373062666162393361363663633161633663336336383531616166
63666635656363356538396539636331633964626132613931346534376364313831393164616238
36623366386665353432646161623566616531366233306261656335336536346631396637316434
39393666653633303833353666393832366662303831353362636565383337623630346536633237
36383765356533666534663336613539646130303632396632333163636665363234393637396332
65656565633235633432333134393065613532343131643864376131613735303830333234626265
63613837373138363034613833376131643436376331303462343332353937643832396264386630
62666561363435343166323366373863623330363662383433316639653234646666633031306335
66366263366365313265643461383733623264373630663765336335623633313437666163333831
63393963343635353938666666383437323361353033383139653566353363366535623531313036
6235
