$ANSIBLE_VAULT;1.1;AES256
38323163666661323038306432376661326336353839306435303732656466333039666334363934
6162353130653237353734396334663936343661323465300a393235666130623561643331346565
32393238343866326561383663356564623731376666656135633137656562393732393837383566
3232666435346562660a316535613337326138353863306239383135303066353739646663343963
61626363383531306562613630333431656234623164373936366361373266386233656135643035
37643632356632663864663362653436303532383462333632316137393532646263363163663236
30653630623134663939663666303735363030336236643332623064633037316231376266396662
63363531656538636234656361323735623832633936393463393164663338343661353636356564
39303166633432303965653063623866313631363166613237636165656437616664663633613362
62626332303961633862393439363731333064643561356130306233366466376330336662343164
31326562613864323164623833386135356434316662303662366661373133323739346638653665
62616165663366633438356330623731333531626236613566646634396137306230396530333365
32626138333433393636666262363337613362303932666230373836383061383833336238626338
61383635653463623663623965316464653032373430386363623937636136353161306431663533
66393765326462666465396535356636653338653931396162373431336364616232376532323566
61306332376263333331313930343230383039313164363132626233306430613339663664343538
32393030396264623864343164303562613834363066393461313534316634636332373465623361
35373264313964383332616136373861616331363066373831386662306565656438363634623630
66383630633938656338613061323137313562303563613437326662346334666339386132663766
35626563663135633838356135326233303639643862303764306333346334396535616237313931
37636564306636333134393863646130323631316565333138333464636538623339356433316539
33333837613063613636303136646233363636623035396366326264313533373234343465353633
63373434613430396366383538643466323638333563326663356431653266333761613939663536
38316365656161646438613266376234366663316563363862393864643534653338646434383830
32313138623463336330616234383531353164313538663937623631363465356132326631363164
30396333346661383234333236306266333632323932303238333938613562366134633163306366
65633166366233343136383765303366363964336564343134633462313035366266383334343131
38313336393633383738353730643530313836383231313765376631353836316438396533373431
36366434393838626161633435333431343238643839383962656466633336373563303037663030
39376565663335633465623136346136356465363834383961383164613131626635303738376334
63323162353062303134663033336466653161303739636132363736323436316432313234396635
34663039363933643836396533363531373064336430303165326365626639396630306334343665
35653936623439613336356364333734343036386261376239363364376365326166663737396331
66366365326537376364636163376431636238366563326534663865663062636664343432613832
30316137343833373366623037323634663736363462323934356661323734643234343630663461
38383361373338373037383264613966353364643230393133363335616433373231306462306536
35383364643838646630393864623534353264653730333737333337373637663661376332643338
31393261306538303461333164386364346434616633646364383666343163323737653032653335
33326161653738666562633062616664383263643365313634323134306665653734663562316330
35653963373433343934613832646431646436623132666239656233376435393330303362313934
37326439623433316464356266656433646434633961653233653634626531653731323965383139
35393539333534323730633261643966343935313162373663346164636537643163636166626561
30373566333139643765376132636338386435623538666662373338386262663366323034353436
62653664633263396466363631333433373464356334666335316433323038363665633732396366
61346431616136356132353234663934383839643065373136633233336331633534373363306132
39336439376437313664376439663365346462343335643532376161333236343837353636626531
39303039663832613337666439396130373734656663336131663435343166636631363463323437
33346133663566306661636538383964646663306635633766323235643663383862666639366534
36336334373437633537646538656231306132616237393039383436363566383030373633336461
34313839343938376263353139643536363866383266633461336333363531326530393335313861
64326435353835356134613436623231383165343361373936653933353139393334663365373232
64313035326638653639303937316138356665343237336363366166306263656663373131303233
36383166306234363630326564313965303330356561356539616438636566613632633964353232
38633363316362363034376162326336623930663135653335356561386362303065376135616333
31613736383764306263323132323837303737366265323266336233653035666535643637373764
63383364353132376238616239346239623531386533633162363931336565353965646431383237
64666463336164356131643464613164393930333531393331383231636562396234656565646530
30393839636163306337333136323461386536616538346637663334313431623661336435313139
32326239323331633931336135363332663438356436313062643463353862616537326264326236
35316363393661326563623539353636366463666464646237323635626133356335666364363161
36343762396561366534333937653337656535363565393537363266653233636130366164383736
62306134356334643233356132343765313964383362383063363135363866323737656565393633
36613332633462336661663961626163393733623266316238376537306339363031316432633364
61353465646264343664316132313637353832656131323936303935623338303565623266613565
36373232376233653637626665336566646564666263373265373136333439646565303533326138
36656163393261343562646335316136326633346334353266383037346261343038343831353730
32323234323237333730396635353361393463636332623466303064306662373535323538396138
38643231643036656563346631613035653336346166623863363561376532323037626164653362
39366665326366653234373462353564303266376162373063646665626134353535343537616133
61646131613733396531613138356564363064623834356365353138313764383262396239386261
37626561303766356331626565313036613737646136376338663039626436656435303631363837
66643639386334373265643632356665626661633535626332393630383762346661353234363864
65326534633130623366646131303638656132323164383837396561346538616665336462623335
39383537376635313535376564353164643463363362336234373365323263313230363861656534
38313631623838383639376264616437386531663766346461646538653565393635353531356166
63666138653034663231333034636631333830653364366635396566373263633063383266646639
61333739376162623539643933386537353563303531303338616338303663333162623865316466
39653534346562383239643632376530663137383535373734363463383830316539633238376237
62626636393532346636613162393239636431373466313733646433643164313536303637393866
31346237353032333038333034373537323234376630306234303131323035613031666366346536
33346266623333396132373639343164383761313938353933326365303236663566366134643838
36333335346439396565366261613163653265373362363565323432663937626564323934653838
66613361386233303163393561386230353966653662376137393938306463366164363733643065
66613334363534376164336463653734313138363938323132356435343637356432656135613731
32356133373062313237376638333463386162656633306563323338313533396533303963373737
66623166343232306430363233666631643261363633366264613334373935333539336465393062
36656464613662376539636461336539323064616334653263376335393130316237326366666663
39336235376163663534356262643566663761333739636463636333333266386139363765303837
30373166656139646638616137623734363934356138623335376665336663336464303936613262
37643336623437663838333639623635313564633663633865393631386635333737306434313632
31343238613862663861356563656136363565636638366338343936383536623831353661363932
31666538616561373631353432383932613163376261626465303665363732653930336463616661
31613837666439376664343666653037653736373765613963323363633265336135663034363764
32306464323465636236383637626231346264346435343337633034396230643332306236306435
61316165383566623039653064636333626565656536306638343033353133653337323237353664
37323435366537356339616131623138376264316263326336343431396536313537616565393238
34353562663562396637656466386432633239666134303638623639663365376639323837616433
64386562383531363263643031653039363932663763396634333031336665376431646665356564
39663362666437303264363939366261333162653166633138633436393036623464373339373235
62356230363434316262623861303663323039303466373631303865313765666162653632343162
37666438313836613538666261343635666533333939396334633731383039343839613633663562
32323038666433663964626462643264393166666132323365346666663338373235333837623936
31633133633161326665623666383666336361316434366565653462343933343766666265356262
62613135613739306337303462643164393565653038373238303734346165643434303534303866
36346166346561313239613732306239326263623433396262633833626364396162316238636635
65353633393836383132343036346130663665323436303866393863306561343465376164353965
65316639323430636233393434396232303165373364333463336262383231646139326364653837
63333566336532383834316165316638643237363139323337363730343033666138633636613630
38393030323130323866326635633965323830666662336637373230633262396139613232386565
39373864393463666436313966383431656461303636613664333463623237616462363561663931
39333635326263353361613039306166646332613466353233306662306638363035643432313462
36616434626433306565643133366331353061316337363234646561633364643563653362666464
65646563663333616337306131356531326566663933323062653730373534633630616666363831
37336665666538363234663561626430653039663036303464646565653630313763393632616332
32383935363930396539656665356165313566363437356234323438396461303561323664306438
62303237366562363466333263656131636530323866363530333232663265386138333736376437
65623862363333373262633336336131653561353365653761313563343661643064663862366332
37633231333837633164336461633166343463373738396262633238633165336266633337333237
33316338333534666262646439323030333739306234343030663162363435323764393166656562
35396466376138386137626665373265316137353964343334303835393463303330396364653130
37653834313434393362343762616462356331643065313033623264306564393566353236323538
64623035383937323763366632366366653132333165346132326231666666303838393130393338
39346132363833343964353538373862383334316366366536316363336335356135663964653764
38653862666461363738353135356631316661303363346166323730383965666162373935613431
61633363373964363835313337626239383635643834336333313636366464646133623433333466
30663833613666303833353438313334626464393636336161316336616461323033336535663262
32623234336163376138313934653065656562666561323233383936396430363635383537323434
63306664646466646362306533643365356434346265343933313962633731393562393133656166
35306563626562383634616462613363343035663832653538633363623865373463303065623632
63643732303366326465336331323330646131336430356566323436316435313230353535666639
31306566643330333864326262333835383465626131323533666337623666623463393565663664
31353637653436393661383938386339363766623539363830663466633339616331373862383138
65613336356365396531343161643137393037333564346365623338666431626639376462383832
39336662633462623934626236656638646261366466633130663638303764373930613061626331
63303662613831663366326532363239353565393532393564636631643738333632623734333737
31613162353663623134396130336463313733356638633034646432393863346439393132666433
38376538626164343562303132313839353061343235353339366337343136333739653437646633
61643063376265356132666333333935643862313561366165643263393166333834363639363237
33373337303134626266333933363637343464376138343966376162363664643335333636393839
30656666313434313430656662623366303833333036316338373733346537663733363464373032
36643866336261353234626634656537366333393564366139313035623231323863323362623730
64393865343538326532363634646130383264303062373465343330646431373438363565316630
30313737633266353330313362306237316538383864306431313230336433313936616465623761
39343165656531636639653739643536666661613964383939363532306539633362316533363363
63666531636263313065313939636230326635386134656466646430663965346363613566636631
32396136343962386336383234333862366533383539393761363035653337323861396132363038
30626663656338643537313038656638396630306632333161353434393733646462306432666464
36613435626463363637643661653133343839636539363931353966646239613064613465303961
65313633646535363664346537366465333434613233363664376431363266393765636636373133
34373531326131303665313831303037323633616438353532613934663232653530616361623865
33636235373938316534326535646235323063396639383163623933393736356537373062626130
30653937326265623862323062336436643434363833313134303733313566393161366139666262
31383662356438306236383536653536633738353236663938393633623639633935383232386362
38363763653030393839376332626636353330633330346264376461346538643165363063636463
61373531313062303564393533313033653437643935316364373763616262636561636462633530
30326662333766343761333666316232373133646461633235343739323763333165666334653963
65363563303432303338333136323935373832626565333634383530333333343537623433643639
33373432303431316463393738643534636164663137663033353634306533616334336330643266
65326337663265653136326365663130306635343264353835656233626165326566653139376662
31313839646230393734646339303962666662313765623932613734343263393337336531383331
32346164656538366436396539613731336363636635626561656230633130336163326664353631
30636338343235363463623336336236393931306463653164626562323936626166313638343534
31636266363734346430306630376166336637343037383062636136646237326339633539623661
37323833356466633739646261646438656433386337333830656266663166613337353363633062
64623465643934643634396236393831643937313638333865666432663337323538636636636537
39393666356164663733646236373761343237366566333566333531306164383338373438623961
64333564303263303561646661323531343363333366353865346266613533666235353166356331
35303865343965356531333739336263353333656563356163623864356631613439323739613839
37613563663263623966653066653934386438346430653437646435343033356538346662623532
37313365393638316539393962353635303234336633383136323066636430666333363765633438
63306636663936363839373462643630336433613866333639366637663937346532633364326433
30313536633565626263366639333162353430333230666535623030306130376265303665373833
66643264376331316639393062636466353538396163666462643432363562336364
