$ANSIBLE_VAULT;1.1;AES256
39386631393031333634376433316235643962383933656139323263316437373730386632323862
3134343664346634336665663863353466316162383062330a663136303465303034393834316439
31333738653335633161376335376236656533396431363561333466323365383164643838306435
3432663335316462640a386561636137636361343964323638646562663665356436623733326530
39313735386634363034653031386631373763626363626638616566373239333932326366303638
64643830633330323439643436616563366336333935373665313936623463613661326134623166
34353866316136306638383938373739383864336637396365373539363035366438613137396438
31383932643664646231636161393665653736393037633135333830616265306235653534643239
36336164613161613435613537333338313135326632666230643832323365633731383634623736
38663565623465386338313931303931353662663031303965363730393330393732313731633531
34623864623735653765376633373262336430656638366530363365333666333431383935393335
66313334643361393064336664353363313339646666303439666566323266626164633037363463
36333635383664316235383564633564626132363061663431363562623261383136623632396336
65383739303331613761653138323736663833383866356165386565623534396338656464663439
30623334386365303065663737646537323936336465633032656632666562666331333439616632
63343035326134376130313231383338393662623539323934353835663839376165323139646438
32323136393039383066346439663636396666343635616161356534343766653439343837666138
33346163336337393137643061623265663939643531376234326533383661386433306531393833
38383566333938313433313031373261656133623036313433643836623139346333666263663462
37343962393161636462366531663061666432303066323433393564326462643737316431336138
37356239333935663932393338646662666433613861666330333730633337303032646438313164
32343561653966653765383337346338643031396563313033353237353864666633623731633463
38666265326433326561323837323434333261616463656364356565616135366661633636353735
38626331663533343433616133333539396331323539656532373666623665633337663939633064
35663139663335366263313461613934363633346166633465613665396563376661616465633164
37616433653433663362393135326461623437313731323839663336613832326131333063326137
36643461336133303166313639333336656137616130313163653365653061343763613261613130
63306332333330636639613839313730643265326134653530323566616664633630353138616338
31396164313166626465333335633031353839303639383238383734626335663561626437623839
36346638326562343134653839343361643139363834383233386164346262336632353466626338
66303766663963643739646663616162363637363532666233386366383633393639386562663132
30303336343665373939663430313439643662366165323539663865653666313066353466653362
66383233376164303266623337303364626165383864656130373233326538613263363264626436
61306163343063303066313864393265393463313239636132323464333766653837396638663335
35626230356334613137306436313863643162343338343664396361366339616639383066346431
64393830646264333436636539303432653032396436663233373365313137623061393766303133
32326464386264336431336665373533636333656434626336343236633065633164616631363338
33373036383537333931316661313262623162633831666161326534363133386232613735343166
35663939316238396633363634366337383961373966643763393363643236363865643230633264
61656230313863656264643064343931323335353336663566376136623063613863636634363264
36323463613966356139356536336461383934346235353539326438386465393233336463393532
61323064333461363364353632323739306135376162633939623939363466373639656265623465
31326532383331336561343165323431663534613535343035376366663835346263636233663035
61306433336564333361393037613261383462333537366232666662396664386532353765656265
30373462643833336138646263396532646434363762646439346438396131653362316434306439
39366262613630363363353631376666383039343535373736626236353263623535303634366561
30663165353238373637356566653633373764626261316336313930653061656331643762383934
61643935333366646363616637643864373936613231353561303238613039366465306430306336
38346234653765363430613164623333333562346463613835643863643463313037633664343937
65323165623661333135353262333862333536333132323230343262386134343633336133633934
36616232343464393962313131656635306139373463616436373862383362383131386665343839
33643630336365623163646639346533633935323230633763643533663933373865353063353836
62363536613233353065656530646262633337386563393835613866613535343637646637393136
35343965316663333935653434656262303035336366333433653232366636353266363461323765
30633461376234353832633564616464386363353966313738336635353438663135383764656562
34363733376166326566396230386564326630306637373137616631663438383535353034623733
63363232376535383562616639633535383537653262643064613932356335386438333237633762
65646135343430316532333465613438613236616135383138343838396130653165333338363838
37363730386131333637643332366237666632313564616135616636616434353633393630613031
62333135353439313235376463353330333563363734613534373066663537653530336334353737
36373934623132663437383763336566333733616537613635666638303336643232326664363333
65316135326532653161646666633735666137303531623134656466373634613662336335653239
35663933383432343534343462383338393332633435333561323933363131633235356364383332
33316236346265643930326131343961316135653436653334666432373466366562316534306232
39373535326634333139326364393633643662376263303239666339313962323065383331623233
65623065333237613764306432643639623261643163383133383662343337393566393138653561
63363934323136663735373731633863313764626237386330666462636162346666373636653036
36363862313864333139376439323834313230633331633531623665306339616239623566623463
64373966383664343831353135386330373135303265333262333339323561323432636164353438
35656630323162316265343636373034653139323332333832313738306563636665383233316664
30333738316564313161656439383966343531623366653931343164383631376364343166306165
38646264616132343732393332636331636436336538623063656435326661363832646632643035
66353565353431373366346636373336663061353938333638363330313564333661353832323930
61623332366264663763313930356135333137653538353230336566366137336133636339333833
37393930663232373534623064626337663630623832336662333566643764373332383666393439
30343664366136386339326166653232356635356636396465323561333536373835333265356162
34383137393264633665623565356336376236653337623861393966643565646530396164363035
30643037636433366437613437376239323431623539646464383761306564623466633637333833
62313963376661313530333166316632336466356433666637383338393330323539303761386463
33653161316164326465313566313033303136316335616637666435366563306462666239313130
33303932373737373166316631383633663232633961613461663036666632663131346133306237
65616363626437353632313365366636363361376139363562313739633930316138386662626637
66316465316132376132383662653436663363353238653637623439396166663662343532353263
32333862343566373965393166363830356566376134343231623230646466363634373037633534
31346334396433623032313932656334363737346337346139373134353262313733313039633062
31663032643937393332313939383264353563363732336536663831396232323130646561343164
62636238343337353564393561653963383766386431646430626362306630613664613135353766
34623762353436373264343137353533653136663334663962366261653233303961333934653631
38663237303831396661646662343736323436613962653264643061653831396163356230643335
62613763613538656235393939323636363663356638363738313930336633633339356130386261
64313663346163353961383633613533376437633038393231383237383139663038363431626434
32613733363038396439663633353137303339376365323032313535393333333731653963333363
32616436633331303465656531366263326236613665623633333632393832356464653332303962
33633530646133336530363139386563316438336563353633366233663462653032666166613438
39366166343836353633393139656331336261663631626635303233346461633165353464346531
39376632663662343131646235643030623361646432613565366566303261363636343638633262
37613839313965343735313238353033653133346364636465313232376563313730356333323236
34386538393866646238656231346663643166373761386466393632626366636561623130633537
63313033313039646133353030323564646639383261633139666534333739373033303739313033
37633061626266356337373366393236386466333764356231373631316661326631646333646235
34636465383561623931373261346264653932386663383861663866636366383464373465326262
37363430316563316266343864653931323835636131393761336237373165336330356135653766
32346437313137303862376230653136333039613133343862623465336431366434346236326365
33626661633630313966313636393063353534633330636334313364613864383534396433303563
65336537643735623530353236383866326238356633656339636666336562306564333965663864
34613836313763663565313861383532656162366565383465323863363362346163336639346537
33396561376534646461353434313263383636656136383336653833643161323266326535333935
39376439623536366164343334616336386533323638393762653730343163373731303330326632
32356163376464643536656532386436613032396531333965613266303438373763336230616163
38316435616138613065346336376165316338623964633737393738663261373432393036323638
30643834343438323862396535653262313239636561616432323563316334623434393132633738
37306133613131616264616336303963373662383861623264646439643162613937653534643334
34663266383437656432306461393039653737326161663831393736363366353934356232636564
33356337386635633761363365363066663639396431343135303464653230623431386432366330
38616361623539633736323539346461343035666263363530356466643238343538646133363732
65363530633830303066376539396130366632316163306665366332643663633265336639373433
62316663646538633963376164373434373863616535643664386531393564323032396463313738
37343638346235633932396139373130363832616533396463666665643136666366356363386461
30363566643736666635386536626439326132393365653937323939616232346133346237353562
35626362376262643032343035613431666231373238336466323738373335663161666436366362
62363434633737333139613938646664386436386461313435323163316562316161396335363637
33333036393036653864623365643734643661343931303466656332363331353637633538663238
65643232613539343763653539653165623338656661353137343238616561393064336365656638
66616464356336616136613666663363306262306432346137346635666462323134383563323138
64373539633065623764353134653037616664343431633936316165343731366264393033353364
63663464303365313034323864383865646232323333613938663966666232366531393435623139
64373333653536383936623538373262316664353336616433386334363637306339656232343131
62396466353537373138616433303235313338666531313230323765636161346161326466633639
64626563393061326432636334363830386461623962383131316366326139303166376564356538
32633564623066303734636364333235643861616265343238633537663836656139633533366130
32623665666630313537323737303165326264396438653936326433636361643831653036336530
64366264353338366236636333643434366666356139313766376130373331303130633964386335
31373539393836323437363537316631386364386437643364613230663365643330663737326238
6261666665333561323939326636353134613261303765626664
