$ANSIBLE_VAULT;1.1;AES256
32633562373933653734356131386630363331333533326334663436393839356162316534393261
3166313333613036633461616161373937663831313564370a323531353136386364633830343062
32663861343937633032373764613733623136353837373335353462366166653732333463353362
3133653963353963380a636636393534343035356534616638356263336132663863393862376337
38393135303964316635386436313639346636666361653033326161313634333264626265663730
64333237393765643337616436333563376131396138616331343364303035626639366531376361
31326137613337333339323234346139633237303431643437306435393036306130663838373066
34356535623131666262653430346634393237323632633338663937653635643333653538373361
61366130333661616663646336376631336363333038663763346535313561653539666164306439
31366439623466303939623039333364346132303162653236353664636261396134343839393738
34353539326437376438663734306132393639366134623531636334616639643038653638376132
37356565613032336163666561313034386666323831663131373066326539313834366338616365
65303430343231366535613038356338326637396162613333373938396465643963343361363130
61316262666361643031623966353063646538383237653064666166653038303764393734396665
61333264336532633930613962323535663630616366376661333437613462663831636636363264
63313633616534626565303236373137633064623837646265313861303332613463363738663739
65643439643835306366656132356262623333393933366332663631396335336236643337303833
62623434303433376664623861666439346262343465616434353166663837666466663834653865
31383936613431356330383337643834636335343133346565363931306338666634373963306635
63663132643538303839646530643436303762333664383832616264656534656231346530353163
63613364313637383430636666616538653934663435656534653965643239383732333234363335
62376361353339353764316531623431646235646336333938386431336430636439373863633731
62353639653439373362616238373864666139616437376436393930366335643366303134643962
31393761393361333265356531613837393334313361646561343666666266663934613064303866
61646334356336616434663637316362333465663262396535636263623536643262653438343138
31386238333561383261303432636165343735313464353362646561626431656666633861666234
36623937623537383762303337666237326130646539313535666630353235346630636336643830
34303534316161386530643636613338343238636438373663303032633031366639343264376165
30666136333231316638346234313265363763663962353539326335383561373665336334316138
34323632616337633337336563653165346462633032363431353736383336393432343038663065
66653835313639633366373363343562623434373161306261653038626164393030636563616364
31626435346536356332343637633532646261353061396161316663393033623231643861306135
61366434323735616232326563393066343636336638626237326132666663313363633330383961
38346238663033336661326265333465323162366566666435616666613033323138323231383933
66333533353036373734633437343064353937636237313366346337326332326439663565333730
62366136366337323730393936313165363366363430323864373336363437336430623662373537
36373335323962636336396261396533643433333463636363306166656335336161616538346564
62666464666565656535623762373866303764316237353036626137646463626337363763613137
34346530313535663231363663633561636536663431623562383564626263613338383234336666
62336433353536336137636632623237353564383739396465373935653661356536393537616331
30616539313864646235303139623539636564366565306631323533346137383839653463653535
31656666636432666264373734306630353466326637303739626433366233383432393466353434
61666534383966393131316664383064666163353333623134346439643633363766343263393166
30333837306435343234306162646132373566313866626239326238303339373334363737353431
63396133333762626162643065313562653262346431386538633635343864303033613432326531
34323331613564343665333966346538336633643635333434393637323830663030623865303832
33323136373237316430646363663531666137326161363039643535656136326361633537393766
33333033393762303138626361316465336530366261623632386564326362643133666134656631
65383461633831633535316539363961663835373735333632626338346466653634643235336235
35343532326531343665306161666335336361323534653632386334663961613538393862346535
62666633383032343532396263306566353730376637373936363535363330353432363637313465
38636132616135376364636135356539303636333637646535323162626333326639303136656362
38376663343365333363366237356235343835653064393934313238353662636236373031666639
30653664303665383331383832383031633664323164646137366165323930353939646338323966
36303735393234303438613932313634383531343433376534386130303036666638303765316635
30653838343762643462636463653162666563363638626663363463623764396437643437393530
34646461353238316338373966313538656161396462383062663531666433383964663831303665
65306531316233616334313137643930343933356237316261613138316530613162376336386638
36376262386261636131323862326135643533313066353032336136616361633038666136373162
62333638336564313139643065383966383038396361383135633165366132613134613263666165
31616364313435373366646239383130353839656161323030366334653030346232666464326338
64393163663539346331663533633432373065386662353832303566373034646332326230643266
30383339393339633265656265623065316562353765646339313365626463346561616633366536
61653465613866666663333938383261396532393365373564343263313863316363333836343435
30626537613935386630623735356539623035333937616162663038343164306235366431643233
63353937373639366636643864396230316465316436636534306236333063313964626638363835
61643337666630643766383432653565313837313466386336316430316563653834613433656661
34653131393639383438323665653737386635663532396439356339343535623138363337663236
35323366353137626539373237366465393439623439643238643363663261393938656564663463
62326433386436323631626363323865666536653937346166333866613166353030303663363730
34376531643537346437623234363934643431383833333964343339643939346634326235386465
61653835306236323065373736393239373530383832396539643063336331333762313765373531
39336333623732653564636132313630313063376236326136383738383537363932663663316537
30363033326462343233653534306635326539393030643130306263633666663965366335396531
62333563653337343264316563303234623663613161333566636362363963636565316535343138
64333463396234376131623163373133366139333231656630643938636662386337613466326666
37343538623335653666663337636337663833643330386461333536373938306237363765353939
30633934366563343436363639333662323536336132623066623038646365353333366238343836
36393033393337313836306134663261323163336239653334396430646437636637643964663865
66333165383938373261313534623432396631343931643361353962626639316338326533633836
32363166383666386462636233356334373265646237633830623263306231313563376462666666
65316230633039343430383835353530366562656136366138363037363230653964653735363032
64333366326565326566636331333465396664343634336635613836373064353265386463336339
65323138306265333564656634383662313866656635396462623963386562306332643664393965
62313430386466343037653562343939386239353461656363343333633935623933663462363934
38656638643031363066633836393861353331616563616431656330333037306337373364646532
38316133316665373139356162636239616534633638393938663939336466633466663937323833
34323735616138346631663830323163383262346430396339393235383738366234363963653861
32363734656662616361366432373235336464316364316661356332396263346665336365383731
66386130343365323661613833653233643939323036323130336638373365303135306638643231
65356264353935326433386238323563653661353335633730313261386265356439653332383064
30363762396161633831653266343037326362663133663261666337313832616637646339613164
33366663636366313766643966396565626230623362316565626536666633333665613736333936
66393662366438643764343838376538613930646234336430383435366366343830636236306339
62313464396531323961343538623530386639353666376330646262393437356231316564633065
36643433376665343931653336326461373265636639633466666163646331616334613736353833
39623466316564323566323163383536613339316231653933623034333463393032346430306131
32393331353032613631343333373866386436313330313462636365633632303162376432323331
61343437343239396630373235343238663934383163656534356363383562336161306338616430
33343331343931643535613230323632333863623762663064393061356332343633626466363335
36666635313839353436623932666263366364306334616330643862313639353866363532326566
33666565303363313432396663396438653830316438313630343734376564303865373565336532
66343838386431646564653862353564346165336161643838336235343336333936393166636561
39663138623133633133316162396235623337316566656363613030393439656335393462653732
36663831613339333962303037663362663438393938626534303537353033343161303532343139
62666463643161616564333230623033356136663234343937613534333538653566383339386334
36366161336162313639646539363431353036646436643561393939316639653534636632663833
35383663666539353632633635623634323937386534636231303466386664313735633066636536
33643136326262306635656465303864346437326534366634326266333538373664356239326332
30333965316539396539313735656133653063383833613863316430643664323339343236646236
39326466366236373039353265343364376262346166363366333431346136623562633035333634
39623862333362646564663632303564366665363930633461366535313034656634666363613566
32663638313263613161666462333064663362386639333166643336336564366236623165386536
66346139313866393037326564303536656365366431333037363230373133633337386334646637
64303134373339343332326262383131393864373461343237336663393363613137393834636333
33656263393330336331616165613062613161323264343036393235643638623633643562653836
37393462633262396337623633336163313132333036613932323066323731393230643631343061
38383935613235393536343330323230643930393464346162313132366333366234306531616530
37656333313031656432313565653165363431353838633961626630336638643839396164633536
36353263313861316134383038386631323765303261393838343834376630363835636630313831
32613534356365323265656335393738343661323131333331316436373738616335633933373565
32336532346330623937333432363562393730636234626463656537666135333335356464653132
66653535363163336239626537346336656161373839343734623431313235613065326162313261
64353832653431393431656435343132343162353563666165373566613431666563386261616261
35386538306337643663386132306333303732326532316530336234643365306130346230626638
61326238613930363339626139633438383430656262663530393632353664313230333665306563
63393934626164373135636265623837393762616339663934333233343161353366633663633739
32663830653634373138323834366235346562333137643834363733323434643762653263323564
63306365313735663538376638633334373864306263386636636335663863613063393737613539
66353466656137663733313331626537646462313663343561623239636436393035356433396565
36373162663039343736656665643065643230326664653233373837633061333231616538306639
65663337616131643762373130643033363035613732636561643036666435303839643864373865
63376634383935653564623063316433333038383165643836376231323966623134366335626235
64613463326232383733626563646432316463386466616334366562646232313336306231616465
34376131373361376463346430393332316266333933656263363930383264386236333037343136
61333935643839383764636465363835313963396537373530636561323638386162333035343165
32653932313761636564363065383537613732393161653762343334303632613764663337623131
63666530613633623463373534346362313337656432306433373532383061393731363435366631
30353464343733363836333562383638333832376234653037633536666663623838653166643433
32393730386435333366333366336265613039303739363665333966646662313866386235373637
35376233346561643262343531616135613433343733313666346439383662326232393137623630
66323639333464396538616134346336333032616632613231643962653061393961336132373133
30376631623962663035316463313262393536646534356532356439306136633666633962666238
31396266626138306231386664613164383732643337643365346465386336363434376334323733
31336630616633336533346666393231306237663732653162316431653834363631623739326530
30366235396530353131663162633037313063643430333531336238323464623631316664643032
35633462656232633863353738393033373862363735373033366335663063303035626236373437
36396635616435643639313034356235336563313034383233316538383535326461313639353861
36383431333531616631346664353866653563383735343431303766356630646562383965363938
34356632393131303561326361613039343739663865323065396161333063396637653463646132
65343732636430356635366630313537383164643230633533353835323266323865313465313963
66633539396332613232383438623830613863623164613737373863623765656563353238656664
31633237653866626139393232333763346436323366326639616365343037646135656635373434
39643635633063373434623762656631646234326334396234643334383536373132303264323264
66666536376536323836633232383065393936306238383837613364613566323634353137346634
32643130323565386664366433323231663466363733623030356165393031303662366636343131
36636133653566383663636232376637616431323630623961383230653938393931326338323064
66643139336164653362633664633238666361653632313362656537626530363437613362616662
61373936363665653839396462653431313261663866656661383535393631663339363039383430
33313663366238316665643734623163363532363439653531646130366437366638393061386362
64333366356133653434383532663937326364373132353737663961366433646564383235313036
63373930653435336133343463303938643039633336353662306433386532373031636261363566
39363432303437623966396132363737306466343765386232323537323138333365333235656635
39666564363837613230366462376566303539643663316538323631376563663562353235643737
66646532383939326235326562383433316363626433336638376136623034333962316236636661
39646536303939326139353934336665643736633762656633356133343765623833333736313134
38323234363236383933633963646132346534366262303464373935663162353735313962383234
35343166343563623033633130663263336666363662633562633331356234613636323033653131
36393764626662373731323735313263626564643466363931666131343639316364313362653765
35383966336561333039643338313532646239636333303335353763326438303736653334386232
32376137306539636462393833376438323664343633363731316132396534636361663036306633
33633761613939643035666535383638306438386437633832316665316630376262346262373539
30643533356236386563333535613434663932646166666564383661383836643439333336356663
3536616438386233383435313736333438643062393066366261
