$ANSIBLE_VAULT;1.1;AES256
63343430386164366563356233373739396365643866366230626436643164373139376561633230
3466393333633262633365346132316637633337356261360a643138363339313938346264383138
33376363656564376463393335656339383264633464343934643335656130393237353535353037
3462643166303864340a386339663330313665343331663563613131313266633737306262343039
34623264386363383131633333386132316238613434666663326165353063356439386161343435
61343262386131313230353665343630333733333465336634613362383737313730623861313961
30303464323163363034323433343239313338303332646636393935353132326236303334373862
36636532613964333533666166306233303432373639363062623138643137643033623864366438
38343861623836386534396238306630663763303462663066633038373031616633636330656563
62646536656361303130376564653964633966333034313136366334646631633139623935626331
31343434663166333539643065663338313038333231363132613133633533656634373534313130
39323266636239623134663136656661393662376461316635393464323166376362363139653238
35306266623039356130373133323665386132653237323534353031323666396132363766626431
34613638353361653430343130333634316336623062313266303431363234666566353264393536
63313664303035303932323030363039666235383830313338613839393739653766356635626163
62396539383130326339623436306337616432616565373532636661666232303635356662393930
37643731366566383163366261303264373437636335353465336237613937646462353432626531
63363337623164386462313563613065613562626364623731613761313863653836636163316163
64643431333739663163333533303938653737363761646662336339643638333064356161333937
36376361386331613664386362616233316231373931323539353562346363666236626164626565
30653566623036666138393534336266303930353438626238663133306630366561633163623462
61383638663334356438323766396238346639616131633938613363303230373933373536623261
37326564653735326435666533353738303037666663613637623230396166333539626634336234
36363031353561633738323864666338383138626533666638653465373562386262303536663365
37666232333738373263316662633164616464303263366137326330626462333538633463373032
32613239393532653530323338626265356138373461633730336564626630636235613262623235
37356432383131633766383939623466313062616636343263313134343564393161633731336334
36316538393832613363313931653564336233303936326438393466353035366234343936613832
38373163386439623732306364316137333233623439646563636562373161323338656631623066
37626437653032663062666639633231306566326562343834656630653763656339313065373431
32656239623064633930633463636462386566303162353334383033653637366163333637636266
30616330316163633465643833346138636161613964396464393865336235323834363262653633
32343965373464323335663566366236376534643839313462646233336563393839636334363564
38636261386536356636643062326435633032326462373061376235623938346163663939616265
63326234323339346234626235373166653239656237323739613337363562613865376265356334
64376462336438303930343234303632613764316439313734323762383630393766373038373030
63613130363134643432316234643965613232363439363436383965343135306538376361353331
65623337333238346461396631616262633631643065346163313235663466306566653939323737
32376331613235373834343738313039346138653161393330383436613230333537356665303666
64386264336430393236303137353166616466646164363034386637643537656332366434643938
66366631366439636663316365376161363633633461353937323735346235366539363038353864
37396666666366363963623331396431656663396433623861313237306138613135396534313663
35386331366338656233303266353931336434373136633463383134306265306630373636366461
30636266643261643739653138663532363733313862356363666530363637313062336437666131
66643832383061393837326138633262643730343666306337303138346538653537643561646436
32643132353034303731653532653930333565656630656631323633313962326562333034656536
36343631656236333863616263663136333438656233323233386331336332626239333332356465
39356363666532393464353766343235343330396333306133633365643134306338353838313132
66643361346634623532386236613563363130366363326231306635366131663637396439633736
34383866323662623863383161346638393363343437336561366439396531636262623036623231
65363862363865346133383564626633383631336162343661303262373162343365396534343335
61643333626630323231363334346633393963376565373262356535653937636364326563633437
33303534396666393836616535376662336330646362643535613062616232633362333632646562
37653032373338366433303237303739316265653139303262623935643730313962663262666664
36363030366263643230306461653434653562616638373135383332343834666530643038326539
61356632383364663934313633383262306136656364346131643333656632643734383736363733
65336365396663636364316161633464316532626565633636336137306261663237303762383530
64343731616336373430663937643231386435613665373335346236343233366166666561393265
65333365376434626433316566363335616430303735366230303032396639323238383730613834
63363663336434616334643765346231313234623835323936303435643739396237343739613064
31353365333061666235653865383239346430386338636637623963613336326362333764633436
38623166616264333737616332373034393366393935336164343239383634626665366539306334
38323861303765373766633737623166393339363837336231383038363630383064623032306138
62386565393462336331383065303536356162623964623862633165396639336464356363386434
39663163663633643162663164656630653964303761666332396262626366633263383163656261
35656433366632666665356130313961646462323330386530643833623966626665666433643930
63356634633636663636386234643561383665303932303135623362393363376237396431633331
66333539346237343938666466313935333632633237306566626639656535663131616632376631
39323463343833616561663936376134393932356635333865353031623363626233396537663930
61356533646635633330333263633365613564343762323165353931303236343532393461663866
61313066643265636630633635333032626464306666663262313430663036383137373939333131
65623334646263383931383139303134353465366138653162346633343065303139643332616138
32323562623333636433316239336563623632303033333438633061386430333735336637316664
37353633383739353232636133356162353662336535666339363437333938326231663164313833
64353031333931306633383333373239636531313862316533623463346539656338653862326365
32343133663463306465323737323733653130653138626632343939666366336437373861353666
38666563343135396661393433663430336265616638323566313163613061313666393934653034
38323838323832343634366636633438306636643133613866623064333462643733313866383338
31666563663866393062363066643639353238346237333631653430393539313666373434343863
33366536613862626166333037343138383135653164386134653639353834663133343664373933
32666462333733626565633665336335303062383461646263333532633335326665363166363039
39376138313963396263393938653737333666636633353366616161383763313865383634386433
35636363316630333436393564646335393438636336373330316561656634613239393435653466
30643563323131313535376138303433313463366265656632653362393439623962623362373633
36646537353532653264616236623439346265373263333162333135363432363563663763663965
39326534373938346232363162613738396533366165633931393166616531363237383235306562
64373234316236333665326138643932663934653239613862333930663764326664636334346536
61663439636335626466343432623964313161613961353635323462303932383835663732366362
39613362313134303731653461633963633864386533646661646337633564626563346536373531
34376638333430323061383161626331353432393532666438643338316562393664656531613830
33333239333233373362653165613063653733626164663930643262353831323037373737613538
31653365343638633565363366323239663536383831643162633233356633333062613366323262
62313931663731353539623365356636326435653239343335393237646631303265386239303537
35653362303436303064623864636435323833353432653230316234353635613861396633383936
61396139313436353562363936313462386263643133316337646661393634373538376661306537
39306266333364356639363865646435653733346665646231316133316338613564633561333733
38373635656437323531336662633566376437653638303930306335383930636139316130343230
34653461343136626131633732303939383766346564643039616232356130653861393935313834
66666632613937316139643561333165393761313333643633633261656331356232643836383632
30613132356135643163313331663031613636383835653261623761353066326466663264616134
61653965353664303633636366313066313266643361613138303638333439303066623938333031
64393566633065393736633435613662316265356533336632323339656531663766373636313635
37366437353366653265363561383832653238636563383864643134386431623766326438356139
66323766663734396564653137666461366435633431373039633335353337353235343230323737
64366661646634326239623338346264636533656261316164373830613732393261343066663065
66373066366535326265313431323830366339633130393539353339653135613338336432643431
36303239313563373863366633656232636664626662346162613665653463346137393135316362
32353064626465396535353630336138376165326530343631306632656233633763663830316636
31356436303862396166353130383365363839363764353732313134633465643934616164646132
39323865383066633636316534326661663666313038313134373331626533636238653539343961
39356664383366343839656238646564336337316163623063633463613064633662343761633438
33383662613764323461353833633335616230373161633434386537623765366463336466393630
66366135653338623335376236346533393962313132316164646137653665343663633532363466
63373330636534366634323538316136333135333862306132656638343437363163313731356632
37366331363238636366643066353166313836393638313838356261356436336666366239663931
66386233343231393234663536613464393833393135303763333961636233383435396137313437
39303933303766383966323833313633306236656634383061633663613066366362353239303066
31343535613831343262663364643766363064333032626337393538353566323938363362333534
32356463646230313663303963666334663530363363343263363532623764303566316564646534
62356565643237626265336231343631653765326631346365666530356661653561326262396333
38653431363335396236613561393535383663376362333635643138653533316138666264303663
36643861356634666463383563623331653838306261333565356637343831633235326339653338
37626434353933333930306530313964623236333261326264336561383463343733373836313436
39646232376634306135656264316461616430306661316138383437626236376164333234396262
37313337343035396230623865386238323434386134316536373435313131353431663531306234
39343834366333316237653931323032393331323933613031316637393639333535633232383561
38303935323662356464323334383366336637383530373863306536643733336536663461366534
64666435613339333938623063313130633731616235383633616136383239626533343436343038
66346635356463623966316361616265643936633933333136393365663131633434323839663737
65393134666564346238313366393331346336326565393732343934613532646163336632353233
64396631656337653939663330656661336132623538356130616361343035373838623839623661
64353064633731633137616435643164626465653364396165303561653362383561323561396332
39616132636333393562643436646534323734646165346135613365313534633162653865623438
6661343130623833326430636330363038306539303263333839
