$ANSIBLE_VAULT;1.1;AES256
35306331626539666565613536363331343331326463303338613530646562656564663763373661
3066303866336362663662363562313231623837646535380a323264393839343931366634373561
38616131326662666164343838393233373466663865303863373631653038646233353030646230
3563363862356666350a353265393839656234343130643763336235306434646536393933613932
34396131353433393837323362343261303833336366323035613863666436653138666566653361
63616632623636336137303663613836336662633438306536613633323531346363643735353637
63646231323831636435353462333934613261666665616636373332623338613262643364663233
31656333656161303163346466343561306434623361383839303234383536373130646466396237
38313463373034653538336233333235396339393635616339303736316362623264613332643764
30343665613163623765386263383037616635313736653834383161306165343238333663623366
34386134386235336634353639353964656163643636323761353761346665306361313962626166
35343665316532636635326233666339663265356663623936653731313833343866356238366437
62373730393136623430303237363838333763373932316236386430623736353066306362663236
33346133643463366338326239313238616337643035663934623964303033653434646264636464
65313638646535653463363838333661643165326164333433386165313239353933393730623630
31363164633934623866376532306136373734613930336163636439646630373461343865663362
62336336383765653064623737636132373634326464323262623562363637653965656634356332
37363732316262326436323237366338356566343661333362356631316234643534393037306637
64366139656366353737366138373062623534366262393430376233323861653133313036626338
65306465303761633661656230316165356232363061616362303935353839376439623966356164
65333762663335656139366234343637623866626262373434353230613962373664643164373866
36386435663962323934353166373366373666343362656562663039623634636464613363393563
61366539316136316437336332623535626135623464393364383365373331636266373830323566
62653661623931366332646562353333353636393862333161643432303434636537303539313331
31353732373266616363313733646530333534336163303766313830366664306536613535633061
36653238313133323361366131613665663965643138323231303838616631393835656139346465
34613930653964386133383766373663363335326564623461393165666639343761393362333862
35653564346139326139666365383839633166343032633331376532646561323736333062383635
62663631313035366336363963336462333831633833393065326330303563623765633337333836
34363363326536626235643963386538386434383664373762343632356431306230353834373735
39356433343031376538363866633561616463363337666637623333393837613864363561633235
63656236643439633339346666346434646231353835623732396163643237616264633862343632
31623533646136373832653432363635396536313431366531663730616262353830653335653635
65656463633932306634396432356239326164383262303037323863393733663731356165623030
34663263386634396164343330626536623964653066313362633037396136386337383830376539
63623138343732623738633835326561623432333261343234643264373737663761323639313438
65633936396530623932353866363932343733613566363837636663653431376331343763613938
34313937306134643363303866363364376466313335613064366132393764646230643337356434
39643539326262333831316636656138666137303664346330666432623063653964313830633766
63303264383762376339313535633734616532616363393534636662333636383435393337663965
31333862393465343264623931323638373030366633313965636565633232373130353365316161
61313466653836333336363834353036656230613831383539653931366131393862656563323038
31383737313639343866616636383732616662643865396637373333666164666262306538633034
64303537303562353932373335383832623031663163376466643963356263313266306639316231
31323234376233383662306631363866643265306337323532313563333033626264363962363866
33383034653865363639653134646362353434373832666664303364383433636664633066353163
39623565346434356134663735383234313136623330663637616536626235373934323134376466
38326363366264313166323533336163386465616235303435363532643964613966666665303335
66346639633163636430363135656339346365623433383535313238346536383233623461303233
30303539366266643365306330326530313331356538303437393762326631373036376234353935
35353637666636323531313831373337653134633837626466323966366364646330643263646362
39363230653033336638373632636664636331343236616164343364626237383037313838623936
35653434336633346138636363333664323137653362646231333562643637366638663862356431
66363262643938333032343830316239303762306336353065633533343938393466346264323963
37336365346538663734346135656535343835663835663539376262333164373766653464323539
61613866613037656163663263646233303339303663663637356137353764323665623465336233
62646466653964636336323532646432633232373335636433313262383439336134386335303563
30323438336430383831613563336532653537393464326339333564313839336264306466636332
61386632353366326430376532646265346336346363323539636166616337626532613435613430
36343932373431333164366136383830343931613237653536643165393338393763313632386537
31386661326564653736616365316461323836323734376434306430333366663034346230323463
33323939636139626438333935653235656137313135626331646337613663373566613563646665
38613563386533373131613635363334306134626261623162373439366563306165346164623336
30613162626635313331643936396437353561326462623039396639343132613066303534666634
30353138646336633038316666636636636562636431663265343761316537383439326363333361
63386332623438343566306338313561643665383137373665633866323264653237346564316562
65623834656335393135646565656131616462663530386532333364633231303132643562396239
38396163383837343163363465346661663164613232356538336338343462366136646162303136
66376266303035666137363831313136626231363165666162306333656666623663363162313035
63373930373364373164313263656262623963346262663838313964383064313336633364393434
62383866333161333138333437316164336362373765663834316538393963326136643938613262
30616130346432623863363366393232323163663561636132336662323763636532326336373138
65623361376634303237323333656164336438623031373436383532326532646238653832646466
65366639343439366433613466626233636433643465613535313538386635663362393934333333
31633138636539323938643734343138303432623536366462656563343137636161313065333739
30656436653735643537383761316265633632383764316133396162343061363938656235636562
34623665643961353535336230626138356537666533333666356532353235376662323132633463
33643738373433636465306564343833303934643231613932356437363132613432613763666331
33616266656432303864303664343566663032363138373133613731623863663661666165656533
65356233366236323437623339336564326532646533333630306137626639306236386366326430
62313736653937343639616331363439393862393234663732363435636561636132653261376266
66666536373965326338663165633437636331396262636131626530656661643238613235343035
34303932623236303862303362303532323334386139353661363333393166316166313136346462
37636230353765356265343432616130366566356333666234376363316564363933656439663230
32386465663562663230316263663830643465646339353831306633663065656366653936633466
39623238356435343839343331393034356266613065633135623638613065306664623530633330
30313063666131316432633637303630633530623339356264613163313963346166643330313837
33616661303531386331323464316231663736653661353965363837363534656437343466376230
32636536653131633635326334353238313864356535616164653963336661623435373862343739
65383232316362623031626636373335613163356163343130663538666232613133626436663566
64646333316437643736616631333232393838303336333739373039646462393365363533616234
34666130616133316564326538613337346436653464636437356534366431323839633263303631
36313834373632626461303733646362396336383065376363356237366461633530333436363431
38303534383934366361366236336265326135356132363166386363633035366561383137363261
32353061326236643132646239613065313138653636306432383239303033353935313839373366
64336431376435316237316561643166303731343964653939616462363866373339323061343538
39616163646161353630343736346630343263646164643965323662333331323562626533386266
64366530393164383261356565623735316232346363616233643134306638316532353335333132
65646362643865663365643264343039363932326134316337353062393031303835653365323330
34353365326263323634633234363537366133653236343961383533326161393466353864383563
63393931613939643164663239313361396637313236633665313539356332663161336532343833
65363262653033383539383438643862373762326539373139316331633033393735316464636232
30623534316333653531626163613336373633343635616631333835653539666338303139333438
32356263626264383861626264376133376232623064303132323662353339663562613538656464
37353136396466626433366461666335346462383438656464313239363030326565366533383630
32383564323262343562306535333736333031306261643531613837623937386137356663666537
38363465313138613237303538623336383336366432643861363634303431346365353562356662
61393337306430343436333135323665323734396635653532373661313139633332313261383062
32336630353735383836656565326164313662363237666162656638616430343032313562323135
65393534326131623138386333633661643062313931386433663430616465613934353932303431
63663562623163666166393334306239383637393566313466353062336466303738633132653166
30306230386333333164656534303931653635656339396331623639353863616539323836313136
39636233613162393063616362303966653838613766346638353031306137306334333337326138
33313862366231333538343735666530326239336131663833303339663064343864373233393736
34313463623963343562643236386662363732346234303863313365376437336565393766626537
66333330333933366265396461656263613262656136623366396265383334366133356466336530
64303230356533383066616632626339303135346135323232333462643232386564366536376362
62386461373236646137613833356162386630353439663136313137623834643137636233373462
63333832336165383966666261306665333338343036613837636165363139623238656163383666
36303033623762333830643836343837363433323966613161343435613032353062323733333265
65353863353166636365656664366230393834316365353732626539663165636234383462393730
30633633383065633161373932313935623362613832653938373739633533666437383661316537
63393735643334613762656239336165333939393861373335316561663537373732373962383331
65303832646632303638323034373662623132316430396430353935396339633934373438376638
34353766336331346236363664356135373033366137363535356230626431393637323032393131
35643463326536396264326536613939353433323664333766653562303966326665366136343563
37313138373064646131616565646231663464383366363638316639323934646138386536613461
38393239353630616439653663303863623438313339316436353438363062663937643938386438
63653863353031343463393433623936366665663631386261303265353962323639623861376433
66303761356135333734356161616562653938636365663733363936666533303137653439323138
32666435666532663639393638616435616163373465353432633530336561646666656631373338
39336133356635356261313335353435393137656438326461376337343639623034613861356566
30353162306363396432376231306135323764356338633661383832643239376131306439623833
30663564323235343834616161663530376364346265323035303264346161313136636266623239
65343936366363613262626334313665666439653939393162303230396636353861363031373964
36666236366666626666666436363937316566643132366465376239396665663633303161306337
36336161393162383832656365383834636235666436323831343832333061633539386639386164
61326338643931363531373130303130656262666439356366323137343535633065343031356537
30653266323033643065316130363234316666303162323836366436613536613165303762313461
64363332343237633431643137656232646233323235626431396237663239333437626435396638
65626362343635386537663732323561656135646337373437616139363634383338363032396466
61303661626365633331313631616666353764663561393139353134356230326638313166303562
61316437353638663130633934616262376465323961373036363861346562383432633163623738
66383164323830383364636532313862616136636130663465396166333939663532396262613762
34623334653463323330353633623030323430636434653332383431313762363865626231333639
66613033386330326231396437346261323733656434643761323761653062333361356464323430
37373334623365386430396337393930343131626463316132333130356235663138373366396232
61323062646436616635626362396261363030343238663530363765633061666138393563653934
39623663656565616263616232333034383030353061393766303363333466636637323433633062
37636461313235326535613830373062303037363532636136636165306566643363316631623732
36623939316436376366386433393534656634343937326134383665306533353838346639613630
61643532623839393635643565303230396538613432336633323434323433333936373737653635
63396530363265313661623831343039656234353664626132303830336535663933383835616338
38353565333331653430346438663938326561366332336130306232326338666537663932623762
35656232393366326330313239353233396232626165346239343336333262343662333734643530
34363261303632393930373035376161313236393739613435613238396630306262626436336461
31376230323633666361636339343662653332383738323062383537383435326161653463373833
61366664653630326437373131663138663432316334623538303034323865623833393336376331
64323332303264363837353762316661363065356639396536363030353331613130326266346139
65613265643834616235333064613966623139663532613034313663633037316236363530356265
39613437376638613737363165653661343563666366313935383465313166613637336263383363
37356366666666633534626235646261633935636330626438636663313534393036366536343231
33353862336666613231623961343766646262666166306538333164343363663062343764393462
34343766373331386330636461303231356164613739656139396436653535343931303966643164
64316538303032303735326237363737643761323234613337656461626661373337316461613237
61336134373736306537663664326261383263326439616230336362366432333464303465303632
66656361353965376431656437363034313330396633353535616132333362313331363233363033
66363534643562633438373861316232616130346133643665646339626536636338623837663533
64386463353334383534343135653634353232656232623661613938613261333538643166646162
66666232636530613664633261376237396365383466376161373862346362653233666133393065
32346233343038326633323737616438346463633532323564636330653631386265363831653564
65356638366364356666363635373036613863656231623137636439636333393961653436326430
30353366636234326563363838353439666336336661613136353437316333323162323536393265
30363734613731656136653232313964633461316133633638306530633631383562383632616638
33646136616636326231383535656638383833313430653938353061373937373565383230306231
64303539343537616261363761626139343837386666393764343733376136326562336431353132
65393938363635643932643937363061626163653535373564363261643731326436313631356438
65366161343939383136333235383338653732376162636562366631393661633361326663663434
35383438383030363961353939613531633132343738653235303565306564336530383532353236
30313630346430346439333565626663653833373131313932393233303438353466363435306139
31633631613338383534376161646266303434353137623730653366643430393366643863383732
65633536313937333336383837656465613932346138636630393532623334386138383962366439
35653964323135306331326362343561613936363731316630633261366436326237623533646461
66623161326436373939306331613364333230333464376431383964336438323239633963346130
35303236613537306532313536626466383135633366343436636538626436653264333564336332
36356635653062336331383061366163623534353533366234623461373237396631343062633135
30326562303430623931343038356534313163326661613737363735333534353437396631303765
66363530366563343839363530313861343464386565653366343031303530616330303435373264
65376334663735316439353135663335356530383863346331363134353334383133376264396164
65393831376664383564376266376439313133666461646664326365353033326465626530653562
61313836623662313032653363636230313530356131386337646336346664643730313732346532
30313334316237363132633765333135376238303236653231383166623039636330386134373665
34353939353330386334306339636637653337356534633763313962303432656564343635343234
65353538343461356337613062393434666336343039313637306432616263666236343833616563
33656165383166316135653334393736373631366562643436626261343939326632633339313836
34613834306464383966386134353734363938626237383539343966626330313635393433396630
38393235336237356138333066623737333331303135306266616562373532376639643762356539
34313930373033386661613731323730656637633437373231363134613032373730383530376363
37333062306165346632393438343935653630376663306535663335393036626333393437353664
31633338643864623632633838386430663761616263323731616330333062626230303531313233
33376333363230356461663034356338316262386633623866633166393964323564666339306130
33313339343666333865623736666137393264663866653737323935343066386463396438316566
30336337303034383134393132383639613732353234363564623166326336303461313032376332
65383539363761353232393138373862376431363437613636666533343133613165343864336138
66666437613862623565623533343763616335343463336562663331643666666661656532663233
64653331326634653538393262363438656137643261316230313966373266333339613664616533
63323038356632663834356632626464663431656233363663623837303237323866656362386336
65623639373434376537316638313063306630383330653165393338373264363735353237366639
65313539376664653630396533383037316662613661626130666532303765393231346233646431
63346431626634386131313965643030383638383761616634616630366261306130343164326137
32666532646130343535373862393035376633376530613632623235666465653761616439353238
31316638333962306135363238616164343063343833643332613832363230633437316466623866
63343864613334666461646166666637373832306439363835616166626338323161353438653664
36336561643966623332333664626437633362346232396131313636373130633464306530633165
32363033393162333132373964313535646231393265346430666438326531366334373634376564
35313838393766366439626665333039616635323238383662356535363031666639373063343132
38306463306538303533313338613133613130303161656430616531353361313930643764323530
65613336633132333932626261643030303331353238383166303431643234616437393433633934
31316638303565623166623764343734376231633634643038353262646135623234633037633333
62326337323733623662306438656532353435323464383838626534656530363334316162623831
61653835356362393461303133393138326433616461393062613866626464303330393563303938
36333631303239653239643130663633653935396166373462626534353937323135343863353037
32643462663861636136363066633664623632336533313936326361303634663232383162663036
32313662616232653961373637353732613961356339613234646661353538656666306437393431
39333539346439626636336333323132633537623863616234626264633534373335616530336433
30633465336133353835386236646266303163366134646162343438323838616330393033323734
38653039626337656361353636336534653338653137643534656563656562336434653938616562
34643330306236346466393466623037313830626264646530323030656137356663386162333532
35363638353030323436646666653034353238653535353933356237376234366232393434346366
66383831373833313165653331353635316532663130343264636665346562343138363937353561
31393134316462393864663962313638623234663130333030323136623231313665656561613431
38313735333664386339343430653233626533366138383161343166646265356238653366623638
34363537333533343263346233653130313764353932613232343366366236666330626166623930
30356463656261333130616436323531333131393866383138636562306438316164623263366532
63323431363635366364323466303738613736616239323065346437383432626461656434663337
39316331376530353861323436316261346662353336656564396330333832646536663134333633
36376434303838353239353634623663663331326666633139356466613632623866353830383264
31306234343137363838626537303038383335643731366161363837653132356635376631613937
35343363626530386337336661633466326338393230636530343166626534343464323863326134
35393261616230633533303163633838353263373432323734373134393539376337653630303435
61616161383138643733623461356564643264313839646433386662343238616433663435363062
62323461643534666430393666663634366263306136653464643132363137333834346666616166
61646431373437373961663335303763323030626561636533323761333864626136393764376333
64336637333335623565356162336536333862633236353865313233633061346137343331376463
35613233616364323164393634616136366530363062646235623966643033353539396531666437
30646236663565663933663961626131313266336432656333363863643766343862396235613361
38646337326461363761313137633236626238356561633161653862663536313738633962353838
34306662346330383238363531346435313239303965346131383231376131613933363830316639
62633434313266376435336239633964353536316663393739626232653761363133643862303266
63663263396466353535386336366466303433653830356565336532346339613835376636373633
30326432343963643734643033393261396331396333613064306537386132383461383638373261
39323265383563363230373064313636393735646465326237626466323333396235343466333433
63623635323637336263373365623036343766613939363238353264303639373239303664633665
37373431373634373736666666373065313365663733383966333735313964333939646233613163
66323137323766313164373161633035306566383861663865316534336162333930656535613736
66663661373862363532646633373261633734633562303634383837363262626136376231376230
30306164353231373337323030306139643765376233643761353837373666613238643138346438
66336639356233353564346434343366383063653366336163643333353233623932313965633564
32643930613837313163363430356262613435636132653038663966393334386262636639643134
34363630376530643565363762366137653065363862633064373831303539356563646633323263
39613232663363353263383537303638643863383966653939666562313437666466653066326238
37666430343563323133343761386565666630373331623666396132303364363532643632633930
35353932623635623463616337333932373564643630343239326534343832393234623962313434
61353235653263303865313830333231306133383839656233613661343063653734363562376464
66303130333136353530653139643833623331366435363661653638393930383033336564353866
30353962633432373161626630623864346230656464643932386163303137303733663233643061
64383339313862396561636465643538663437313365343330373562613035353532663132643264
63376138616635633439656365366534616436373731636333386638383062333364613266373834
37363966616236363334313461373233336365333539663732323138326436363465336161303733
30663561313533386263333436326335303338396533373139346464303664393961326537383339
32653833613061636339393764316532376136333265313633666663383164623761326164666364
33643231353733343633643136636466323235356333633061633362396638303761616236373863
63633434386430353039616139633766336338623766616336653461316164653362356637316562
63663334646663393039363234613239366331373166386235346161313663346635373839616130
32636336616231376230653738626539323037613437653031386433306663653664386665373938
65326333373730303933643863636561656564323432333137643930636464626661663233306132
64303835323563373563303530613835326338386135333238646330646335393264343936393163
66393764663165653433333034396664336334393339373239353661663737306266383063326261
30666163363632386238653734636461653330396137386234396262313664656233343437323835
62643462313861383534613432366133366437396635613433303230353234373336656535616363
35653133346130616166366633643532393134363365313036623136346161396264373339356263
34323231393366313465366539373432373439346434346636366366316639363935326237613632
65656333656637643964326230616130663264653334666238623164366133333865393235366339
66333434653663326435653935323964346230343262346635626636343061656339663637616536
34303464396161313365346231333530393361323432363234343832386264663035356138333463
36363963346562306266346532363162333935613338376333643365366563633636633863653132
61616433386161396466366139613831313736643463613532366434643439343833333431636139
38633864613239316432653139373733366637303035663237353537386232653538323333346137
35626662366432326231613764313635373833653663363932303063323133333036
