$ANSIBLE_VAULT;1.1;AES256
38646239316138346539653164373065653564346363323538306230396532613632663438366262
3165396431376533333665393537333062363066626566630a306338363130616261633630643031
64303535666138633038386530313235653636326662316262316666346530326563663065623739
6530333030616537630a396638316538313036306566313236656534363564656238613063663862
63303064376139616537366265343062353233386565313733646665343836613135383438643766
38306361346334623835616539386334623634356130633264323633313832366261393331396365
36316639313763323138376233393934633634383334363561396466636566346132316635643839
37356561663536633134303165373737626533653334623566393661373861303361323464633334
62373331663766646466353333326464323038323938633732616466393932643139623166633337
30636364343561363139653133666435323561633434636265643437626162336432346436663231
37343837613135616561336135346236323939343562393734616234393964363565623761323563
62353231376633343862376666376335383337333362343039363039663137633661303738663032
36633736666262316136303163383234303437663530356233303461306666323135316362366663
61643265633863383661323466336638356131353762643236373566383461333237303339373530
30303638316636303130653661323730303439323738623539623764643365336334393536393564
66363166326439376330326239303261376263323564333135326462363830326238326665306166
30636161386231613936623661313639303636353632623164613139633034383731366431643530
37613539666434626436343331383665363739326261376635313639656532356234323235393134
61326265346132356335656237343565343461383364653730303462643039376162386466643233
64363636643662393834643732656563303431336565626532353134323439303136623064616232
33373337326139393739306236643439383861623238653930373763616164346364653131656331
61613064316334613961386436376664343865323863633437663034386432656565623861326632
32613265313432646438643463623262646532363465323631313337386439303733666461613939
32366133643431666663613965616532353862313336323633343230643037313933336639306361
36636439323262623434633034656461313237653962333562333763613765626537663963613830
34373133633663663164633135323035643337663166353637663138613966613462623263653563
33653766366163613765653566326430653866623232643765333530666165653737366664356536
32646339386535616362316630383739333638626561313133646661323734356339306231656562
35323863616433643165356239613139346130653530373766343037396333326133643663343135
30616332333639366564663661326635316430383130653161643031363965356136383336623534
65613135646663386365383039326232616434643439643066656263386262623866386436336164
38643130656335626432633135666565636439313138393739343761646437346464366466323864
39656336653537643939366266643435326533313361333339313630343934383466643366303434
62663665353833303130316339366232663238623133623066336235383031643662303739303436
39616361613939333837613730636636313961343938313362393139303437323434356234303238
63656334323138326163376133623130666463323430376639643536626532326630623938356633
61313933323762313366346630653966656432666234343161313234306530386231313039376139
35633362383763316464346439663963393637343636643236613330323037353764393565626232
35333035393135623131323764663035353030336661366531393433663362643131356139396538
34366461623137653161613865303031393161623464663536636162613133373239653131306638
35643462386537363233623233623161393364346535363537616663613963393534
