$ANSIBLE_VAULT;1.1;AES256
33396532353839346131653764366533383732353637343536343939326163666231386533366663
6633663735323663663566323035363138643930626638650a336264653437633335356232616139
32633165333235633935346635353138633036636637333262323238316136386466373231383438
3037646265396462660a656664303065643437386334313465313864306365636538346462323337
33393931333035613936353761663835386432393966396232353230653736353132643131356463
61393165316464646238336337356436363663636331363666333063663634666663353037333562
63656264653230393839346265313161616532396439346365383237316638306662333064666263
31396139666534376664373031616636333964313461636536306336653834653338623436313033
61373862623937363738653039666163633063623138393233663438303236633463613165393735
32373138363731626234396466323135623736333333353165646235383939646535386362373066
61633631303138613838353534303935393736366330333262653231663363386565646131326237
39366539373136636564303638393038346335623836363539323665313239666638653266336436
35326437373030316161333230313961383635323237633432396531336135633063613466653534
38353333666133373932336438353964326634336662613832326665363663366536633330383061
32343737313538613430316661356136333036626263343266333331313466663730636664633062
61623935303036643263306237313636633833633430383636353862313637333836643234613135
39316636663538333231353234363661316565393234386365353662333761663461326536366361
33356165396665393165356239333631363330613036366431363365393961646634336437643163
64373662366663343966613134633965373662643862376461383533626161323839656330393639
64656664323362323332643863383630313862363264633162343238353335373065626533346562
66653764636365616430666139386333303337386131323164383936353732386539646133306661
32386332633863346462633064323233633035613965386666356364616332346336663235366665
35326636376161663866396432643764656235303266386566306339323332393835613031356638
31363665353732343732646166333365383837356164336362323462316331333633613063333033
32623033636461383166623339396366393537303363643763616364336438323430663162386566
36393236313631643138303731366663313234333934336363323137346634353739383636356539
39333836353566653866306163653063346264343535303034396632333737343938366336626438
64636431366665653765353639316264343231373863326366313363366433656632653937376666
39363833313734653138303834306330323932313439633361373636303238633934613364303064
33623365623934316565333761303862626330666531613466633738343830323431666434616462
30306633393361383962633530633531333166383263306235613762346361313763373535656331
35666533303461313764383734313765626665303464623135303333623237616233666162633565
62653233613362393237623963636536646665316366303039366231636136396163616638626563
33616338303439386662343363656531616361346538653866303261343063623064656366353632
36633234626235346366366434373839326230613032383531653663323266393766663636386236
34343233393039346532316130353065303235393963626139343331353264646464646537346332
64376437366638396430363564646563633063393932346137383830333139323035663361383035
33376339333831313432363531353636623463323532326432356461663864613835633237316264
36346431616631333431303135373462643331306466623530336235343239386564613636306666
63663331373866306363333461323232316366323236366564353266663539633034663266643666
38613038613432656366313438353939626530363565316331333639323431633238316532623933
31373463656137363461386334336536363037373064343138383632646361646462343461333237
62613837333166633837353937663265616562633534666539383063376433303863643133336134
35643864656538633964656666633837623966343065646464626233363761336633663132343466
38303966613432643539363065353730383030313636633561313330643532653130396531323138
63663962346636346633376535653136333034383230663964306138363664643236376239376361
33666466333435363830303931613136613766653937656466366662336130653739653265346633
64663936636661376133303538336134316430303633663139313431343863336336613937353466
63633634336264343036336666356632613864666265313962306364313434393735653532646466
62616532636365396336353633333239386665363064393433383539633435333339346438316363
39386162623066333033383965363237653536383761316539613439636265623937373661333563
34643137376236303666336566393062323764363535636237383837626430656166626535396266
31333136393831386337326162306564316136376334356661303666616334666638633134623264
62626537383763633537373935303265633365303061356361333865303233316164383165383363
61623335323831623231333435396134323738623535636465383865643366633766383234313266
65356237306666633965323435663239656539653634366162356338346336366132653939376666
63306331633764323463623339393937656162306462393736646365626630383866363634373366
32353864666437303832303765623635653166353861303134303037303735343533353532616466
38333233623361333966313964666262626634336435393436346335303034633737623530356566
62313135663338663461376139313233636439313237373465306533643835626638323261336266
38336232643739353436643737366139353062393761643935356433643865663564363463363761
34633133366631356533616235626130306132363061383538353130316465316361396232333238
35616430373638656662343030383337363239383232303364353963313261636236303365663232
66616337366338303562653265623932346438643163396263373534633634386439356262353237
66646464353365656230323636626630323462366437366430306538393461376263646530666666
34623130396133623331633331363536623230363434323035393334333961343166623232373264
66386439656165313865396336383639316634346532306435326466613661323830336539386337
61626438653663343838636337653136623435386236653839623163373733316631373562363130
63333365636634613135386333326235353665346361393039303465333861306664633532383438
63346536393866373462346131623536663962643033356137356163663738323236306665663566
37353662396633316236343364333433393561656632643461383365303662623034636332323739
39333864303662663732333163326662373164643532616438353432323133623933336162646263
30633431346339343639333538363535326663383063616564623235646139623735626437343866
62306439613462313361313738636439626463386632633466313536643330356662363932316565
32376563636334646638656339396565633466643339323634343437636436616236333162366333
30383736353331376631356632313335363366623165623431353665323263326535373166376532
38373664313565623565636636383266306639306363303234313836373533663433653636373230
32313930353939636136336233336165613365303461363533653366663337326564613630373164
39373036633032386135626336333533636530636461366366383531366337666562353032646466
39616538326663623666376361623938343166346431373164343465353132333139343936303536
35323534623064396133663236623433386238393234303639613364616130326663646366643634
30626530373930623061346562316334353661646462323031333639616261643931386266653131
34306436373937633937363332303134626639336266363366306537343139663830646262643266
39326561643436363966663939306161653431393561663335373261356532613230616361396136
38383064663539333562383333356261616639333437353533306338643834633464613862643163
38663830316364313133643636306133323038613765626538643965663832623563336162633435
33396234353539616533303262346330626365313865336465326436316263666163323138383465
30326265633833346434336163333465643135356566386636636162653337323939386366333739
30613437383130646232303163363338383862623130656337663163396663663964383436383139
39313834386231626630373931663833363435363966646462303334333364656462376634346132
65663638386232623734386533646135643661666333313234633832393961333062353332393133
61333338653861366137386664393631396662656137653762313536653362626535363733663231
63323939333636613432343763656439373234353965623566353566323631623635346638633233
32383730613365663530616337393230303762346566356437656434383234363639656237396366
64333931313838633433383531623866616565353764656335373766346535303638386135333262
33643833353536363531626331313663373631356531323462306265643336663531323633366135
65376564316436643032353334383663663734663065616537376535326634626639383934623635
35386265643463653837613230353436316666633363636636666333626535343637613164316637
32643438356131386431396462363039643031353937346662333364303431623866396161333964
37353331643238613739333462323031323863303864393733343132336337653438356463396433
66373139656664393965653866373232306631303434363065646438336665653135336439653935
61653266303662643030346166323462363561313833636138383766356433663762663539613736
61613137623465363137323761373838623165396538363332623662643061663663643730396639
39343438636565326465373338356461333964646531366330626131346138623339663039346237
36366264396631623762356338343665633564326461373533623961653332613934306364306662
39336261666530336132303039323365393038373764616133383431316565666438336632313037
36356666323261383464323036393561383334386139323138393332393431343666616431666134
66326337353132656233633964626232643234396535383162373638643165363135373132336164
66373130653066666631343737663533316335396132353263346433303239393230393732643136
63386533633532653435616133663739353131363830386435636136663332343133373565633735
64356365306437376362613961636337383139646562643336353061663263623732633766316561
30653165393565303638636566353334336531376230313036633437323166363961323065343763
66363861643731336564303333363134656330663661343231373765393665343930633834316566
32663935393839396561336538356563653764323537636633383935663965343937393765376339
35636262623036626662396138356336346265643238373730326261376531353665346463336538
37333166386265393433386565613837373538326135653865303363306565326663303835396332
31366263633538646330663830366263623136326237386166653036316637313966633930306631
61353035376161336534633137346462383438623434653334383861356261663765336534363238
39343235376238653366666630623239393934353535346364383431363830386130356265613363
36636465633830666339643132306532303236636230633632633636316666363331656162653463
35633337383664396134323230336563653661383930666530353765343839326261643861666130
32363665613764313537376539353836343530366661303736346334323965613136393066326231
63363863356163643938666230613533313563613635373036316163366462356132303036363362
62386236613534363163313636383566356537363564623139646536663566386464323966633931
66613965326562343065323330316165313039363034306361386162313436626265303333313931
39356661613634303064353331343338353931633139376536656439346135336161623031383563
66306365646534303638313035353863663263336230346430313365616163373030323936326130
64653231633261376432633639653931646233343461313038386137613531623463326535643437
64323734313935393661343436643865366564663837663861333530373038663730366534333434
31623638383461306234346164333764376163616236333432336335353464336334663035313134
31386463316636333062353262613830613835383863356464653965303365393235666666396664
33346161393863633831636136636162366339393537326532396135343935396363633939646464
63333033303361326139653731653833646561393030613533396433383232643539393237336330
34363333383337643164303161636363643633623838623336363334393934646434666566366336
30326533376661333739656330613432313761613439356261633537636431353965643938336531
38663634366161323032353366326331646365666465336138666261363964303231623161333564
65616337626232383939343738323665373939383665366661363632306637633037613531383933
34353966346466333538306332633766323962356433663039326336303366356439353463623064
31636661636364396461646261313036643031383364346332363130366466663166353037366434
66343761643735303237386137373438366261356166343535623866393230626434366132323233
32626437626538653530653539333764363766363163353233303533336266393832656661663936
65333432623936336435613930613234383732373166623434666565323566343466376263656363
35653332306430633866663132393166313966666364313936363463633430343037663633616438
36306137643837623237646563363664626139366338656134653337326636356539376631353331
30356532613761396631666266363961633763666461623330646630376138353938303237616637
65366130393036616565346336623364616235636135346261356532323932393366396636333130
37663837643865343964346665346230313332663832383036636135653133646232313734343762
62613762646136626466326261666231616635616334393330333065633631623263313463383937
33616438303532646463336635663165626661333833616634303761663662363332336262313233
63316261626635373164636235646263613831633435346562326638616266366264343164363563
39353038313565386262636338666463646561346632396534623865663837353837376463323130
39323866623661613439353631633236336433343731316236613133386637366437306634313235
66613330666138393931643764636230323237323238643161613663313334613034303436363838
66616538663034396531653335616136356665353833343134653261633961393032613737616339
33393565373134666233633163653332613064643666333730303063663066336165666138333666
62616233383162316464643533306461613931623438343361346238656161626264383662373364
38323066363762653362646638323034333133376536303766363564346430356365376333343338
61646265633435393738326339356232633364396565653930613734663334623335626130333966
64376631373137333463613033656662383936383965376433313232353666396238613538616532
66343833663937616338366263333165333434383061383533313532343434366339613962366238
31323934383139363235353935376663313162346338613939363632303864343336616338303131
31336230366534363339306563373436326166313032393063613466656435663063363130303264
33303239653964376230343331343936393962383063333336656339646565343131643065653265
63333163323035393162636333393737383937346531303061396363336361623239306264323239
30303830633236336438356365643464306531306262313431313632333666373066386362623834
30323032303566633162366231656531393362363533666364663330396366383664313862346536
32353037366333353236353230363065373330393639343334346562616666663863396135656538
35383532363161663830656561363535366130636363666266623564313839303538646562313538
36353965306464633733636466633833326335623339313862303164306565373064383961646232
36626565613732366537386538303363363866303662643861613166613366326133633835643333
35346366346464336638633430646266363739613832333264663630656561383362613835373238
31643463393163316334386262616337373132646339656337643166366164323066336633303137
65396333306463353364336436326536386264346466663061303062353934656136396437376138
34303533313663623530303839343966383962303836653166333733323763366130316633623465
31333030356666663365623130633064633864663232306364343366353563383161383966333337
65313864643866663538613462663031623861323565343631346638643566363737373661346165
63616364643265613439363431626662346537623838613833353666653832663638643631313234
64343233623836323034346438373064326363633938646639363662343864323062333163326133
64363637653231656537353835333662313031303033386262626431333035616362316535363062
31666333656565356338666232373937383663356265626638396464653763653061323633623333
37396432613565363336336362633630643766303261386636643130326361313934643161393362
36373630316637353237613035363262386437343533376261633963373436653033663861633565
63326434643233323637333130353531353465663564613939363461313939653266356234326439
65666633306363653566316263393937636639376130323132383135636163333064393937303534
32346662383637636433313033376332323537313839303338383937393730626262623364373066
39666131313531353936366431643039396163626666316336623632396663326632643037316264
39663064646465343664633163316132613435343562623737306336383530663632323862373966
36373861313434653366316161393434666532396339376530336332356131393937363133663166
31376264613330653632343239313363323531643065306636326133663063646635303465323036
34643038393432336365373362643363656335656136353535613438336563346265363730333630
66356261613434393731336638393434346262323664373636353439623832343336663262393332
34303839613733623430303265626330663432353464386235626563343332323335656162376235
63626131653362373531343138343334353635353235326531656630656635336563363965313663
63396264393536333865316132333463346261336561326565633763353165313337326338616562
37616362613161323065623537663035393031303465353666666563363130336133373037303261
36333861323937376333613666633739633235613366383439333865623338393662613539323265
38316461613864316239366561363234653039666236336165333863383534343466363563376366
64303437346232356237346438666130303132333730353166643634393033366262656631356534
32326261303533646237646262303063356539326665393361303534393231623366363734333930
33373236623962323230643038326662663432616564343234666262323832643434663439653638
64316331353930643236353739343431303466323238366337656364323763633133326564626464
65616463653566623263346365666538313737346336643030346432613963353732383461343836
63633931333032373061336662653366353431613665326437656132646534303534623534623263
30363562336238613638613339323863323235376361396561303665616363383634643134306633
34663266353666313135636131633861323131326165643630336266363837336235306239353264
39316536343562666363633033653761376234623532636133316138643063336333376439303165
33353530363463346434616638313635326262373563666462356137623861663932393633363632
38666632653761326463626263313433393430333134363034313734366233336533386139343235
62613839366666396131653165326138666162333733613339646430346136333666643165303734
33353634303466623164333733373137356463636236333734633864343262343037616238636339
32386461636636643764316535616133616263643130326437363361303534313338323231636263
34653432393264323337343837663530316132333432656664663532346565383163363736326335
32386233326538636433393166623361616165386365333838303363313830373338373334643930
37373462343662356636663866616331363266613437343235363838623737626339353361313337
61656332396239393333333235373566383465376632323733343430393462343634336161386262
32303566343465386330623437613837616635616334633538653736383434373865393437666566
61313233373037373631343432623939353963636230633164393339636337633233306530646164
36303363616261366362396166316135613261303031663930306135336333643635656264646362
34366439613938343431393462626532656563643039616539336335656266633735623830623537
39666261356664313733366133656230356635383361316538316335326561666661316231363061
61393633323764616330336537386364613731643339373735623338653633626336623638623961
64333563363739376535383135653163373930666362333135623134303238653062366462653162
30383032386337303837373639316263663333373466323966313262333062386633653665656364
34313364333532656666373335633963353839363532663865666462363861376263616563383935
65636535393431626438363535623461396261373437353433656239313534653134653264636337
64343932653162306539646665386634383064346135633930666561396332336231656139353033
65646164376665666361396633623964633261326233363236353764346530333436646561366532
65333835383535613739613836353063313530623964363236383163343130313937313364333233
61333835666634396633393130636164623232633164393932303238393266323438623632643530
36343831336635383666396332323661626565313563336463373937363866383439643064666232
30306635613965386631383264363430623062653265376632643232636234626535636236633563
39613830616666396538666161356563656130356434653039306632373463653137646138366331
61333863653636313135656630613134326162656133626266396161623731626432383337336434
61613531393265303635336330333733336333346639666532643465666132353438363233323939
37643939393130643162363735343062336262383266343164356633646634656639313535333538
62373638353037663936613932613632303533323834366235646263376564333664333930306665
65646537346466313037613736386632633230303636646465373065653833663738623130353931
61303566626233343731616665393565633637623839383565383435393966346335333531633264
64316637356562653631643438643464376635633536326662656630653930383365366438333937
38613136343733343266616163313962643937353631363463393032386564613634373663646131
30353163623938323761373461373837643864626234366663653633666339333131633336303632
34323430373037383866383862613832343237616632363264313865353530363461323264303261
34383630353364653862363232633936613865383366396533383561346264343666626333356531
64376437323566333633373930326635623461306232363537633562326431383265303832616437
65306163313530346132366531313832333864313666613035313131336265613734616135646463
61366537306339633535353933613632366162383532656137303937663231303663363935646366
65336461306435303437366635313434326134656638653834303239626638363736333361663039
36366139313839363664323761653738646662396531303233623539353830336465343638383535
39383830316666383531303831333534376233373564643535346336336662303838626638363436
64363565633731653065353064646563633838353161636132386361653937303439626535626630
39313065376666643462653031396239616563333563663435356338396663666461656365383861
30316534336536356437346531656135653135303064346661663862663363656661306134626134
64396136333962656461343963356234623734323961613066363263353731323861346232313966
62393839316138306237356137393230356232353564393435633533343537623137613462386239
35376565643430303066333632393934646162626639646465313335343566663065623365356230
37623038373335316431353663313930366662613930373733353435386665313662333833373664
31376637333461306665333865363663346466343130636639333136363039326533333237343966
36343865633836613334663366383961396161303161303231393962373133303161643435333234
37353064383664633633323039363433643536666162383330333363323135353634353464646437
65326637386331376461363338383032353530666663346237643934633138336462643162396633
38323239646439303331373863383831613864336161373966646138613131306663643037633966
66646533356162326631623937393333636263616365386364623135383630626430663937396533
39643464366234646165666530363331386237383331376461633832343338396263303436303639
66633164656635326230626562633538656531643866386433663235653035616665386630303835
33316361623764666137653532326466333635623161366661346436643330383366613730646137
65623737663563613335343564656332376466666533346234623861633534306631363737303835
31363938313062623865663733663962633531376330383837636534343432636336656232393535
39343362373330646637393163303361366365613165306231386536613063393231623962376464
30396363303461346461356563666266396137666132373834336462306566643464393636396637
30306139353161666135363661626465666633323337323362363361323439356262386131313466
66643565383362653337393435353638303364366235373266633430663166366637323735373036
36363934623233353437366462623365643130396163646434656334306136626333616438336435
37353039393162626537373438616264333161616239373765363430366162613966306636613430
31656363366664666631613762356365313163343138393563326331666435626361323230343633
61633561343033323166663361666138353866643836383238353138303164303038613331633232
30353634373965303530346531626165326434646563333838313631333833363362353237346136
61646438643564633739336137323266613031366262306565323233363662643463353164353236
30333034616431373461306361616364346636623866343138616435616364613539303130616136
30636130303162383734333336373236626635363165666663353138343332396465396632666631
38353638666133366438346434316261303261326133386637616532663636653062656338373262
33303637343830613235306366663066313739326562626236343464656261326366636136616164
64323833346338636139663034373835313634623333343464363966386665306134303264383633
31653966383461323063613238336233336432383334303630326530363064393762623136643364
62396532303361383966376166623234316633656262393266323533326539623861616338323730
63646334623065623033333062363966366262653137393231363962636561666663306333643165
66363364363838386262623661363736303363373732633732666165353661306365653361393964
61323735623136386534386638306634326165323465653961653231663666626566643131363166
32666166303132656262396338363837643835363730353133633662346462653035626238383035
61613964653035366539623730326262653163353530366664303939653363386438656661396137
31386638383635383861386637663733306339646563623065383432393237363435333930396361
36653339396463363937376266386532303932353963633233393431336432353464666235366531
37353666643562363935316232306364336364383863303337613336336561646234666430383938
64303133663933363762303531386438363434366261653664636266333764313934306665363265
35383261613664393263383661383439656331303562383732313939383166626362353233656230
35383237646637356238343136323033306136383337613263373266353164663166396436386662
63386235616337666136356131373539643337646631646337356232656632613966316563373462
61633639613032316563313039343633646366353762623865646161666165396135363866366433
65343432323434343638306366396438633764346164653864343364376339663935663634613830
32366636366661313434343038626239313032653735336339326334623734653930396138353661
62633466653364326165646564643737396137656634623836653565633930376465313334653162
37313334666239396664643632613832353039333136303033316435343236656138613831643664
36306232633164306361646234666137383239633063386361323139636462323731383965646461
64623737616434346532646562326465626565303162343566336262613363396535376436363264
66646262663239616464633835333063343632633364323830626138313539333638613864616433
66336539393663363834666237626539623065633638353735366436383566313731353934333935
64386163373064323139373466613034623638663565316335366162353664313830346238633038
65616437663162383766366638623136383036366666393030646365393730633662653433373136
31633739623432633133663165663762663636616265343134643062613563636339656434346333
34346530616665393464316332613032366266636437343462666633333764613837396534346530
66343035333961323162336362633030373433323266353938656435636237313664303235336331
35643065623061636333623630366166373939373863653132363162663731626665336261393534
31383731326230636538336634363061383831383131666532316363623565623039353763383438
35623839636231663139666137626336343963383030343162616664393166353931633430343665
63376566366434666361306136313039626666643062636231333961333864613663666437306333
62386263396338396264326133613866613932393131333236363465333261626263333664633766
31633337383266363231643130383166313234313864623563663238333137306637623264336362
63336237393263303764363130636131306665373635376162383866623130613130646635356337
30373335333639326335383461316535373534363062333436336131393533623762323337383439
36303231623465636637353562363433383134633931616530363961383466306362663734623766
61363266313834373165313234356533353932666362356632363835366265616338366462363732
38306630633130343733633165386635383264633038373138646561646237326436663261323237
39656433313135343230613963636634383964313033656434303637363864346436663363366235
38303362346434633962303936663362643863396461656637346164626337363738353437353530
31316533323234316635666637356363343132653962643331613165663438363963336535623537
61376633663762393936373030663437353733376139663964353737643135386533623339653936
64646439353031616636643633663332363466656163626136393236633566626438623062613164
34663135663731363631613431353533383865346637343964633838346564613461313161336464
33623761373562633763336131366433316462383935393863343062396239303532323132316531
62383135623539383738303733353462316334323038386531383865303137663066356566333131
65313161666636383034336235626235376366643763646138323132383539393363346139393433
306139633339376262383565346262643836
