$ANSIBLE_VAULT;1.1;AES256
37316134346332663830636635386635636363656537656262643734626632626132623765643032
6465623535303534323134616136353438643535316662310a323433323738323336643661623635
66376263303030613731356665313735653236636636623834306535323061316332653934643332
6535616266373362650a633334616634313237376337373634353735303462353566353232333039
39666339346334643032643533306439373162663633323466343136633666323966643864303738
61313836323030343362383839613562373930396132656333363166613739343030386332626536
32373266333835366461323165666138363434383234653737313339383961353032306130363132
34306436333237646438303732656637663034393138636365353865393438363539333863366636
35336666316363303338396461336433376261323862316661343437333735633130623465623064
62306233653031363639303334333665383835656365633633303762373231643262323133616633
64303563383738663566653561333035333364643432633031373833346439363164346166306161
63386333636362633761303166306539613738653163626162363837623038663938393039363234
34316330363263643431346535633939336439303337636664333561323931313234316532343263
34626263336138333161353362323233376339653966656366333330336636323733633565343462
34666532323236336439383430356266663234333336383530626363613662303533373962336237
33316262613236363533646135363939363935623233393633363533393737323739346538356633
30646361663238663762373830643637383433386136303034646230636462396566343433366437
35353431396665643833303038643331353335323763373638623232343639396664616336313734
39646232393438623164393139626562633532396638663935616135356135333036663032346637
37636463373339613861386462336538363966323665353463643731316333636565666635316164
36323235323937613334336237316635643832323338636236316437336534356138353238353438
38393539316632303433343365643638633164313435643133393664303132363238343433346431
31353266303236333766346234616164323135306361666165316434366433376637353630653538
36386235346634376264326137663361663435656566333562613433376332383632633436313236
39373639663139313530346634323362663562643137386233353034656531613366383537663834
30376434363036363036646531346666646535303738636336336163613265623933303335636639
38633466383932313435633834666565613063363838356233376436306237323336323935336138
33356634656134616265303663663936336135363462313234363137306266333365636463363361
62383231616636623434636565653436653435373231623537653734343865643464356337616661
66616336313633343934353733316636636561396261653933663535326466633638386663366136
33343732643731363739323063616562376130363662656165363833326234386531303264336232
63303066346139316164623438643236613634393162316431333932343435333736396339356430
62346464616430626437393961643132656335346437616234343338333062336331386164616238
32373336323165313031373731616332303830393839333537366661353264646338336132393432
39346535393163633535633661636638363234366663333933383738386535353939623633383535
32366561373561663562326438633833663164393436383135663637666437303431376339346430
39623136626639303166343863366331613434303239343337356166393265326361346432613436
36333730353662326232356538346130396336666261656332316364646132613363626232366165
65336265303039653636323630613963353833346133386436373961616237623438373736366563
38313338366663643933613834396161383630626633303339313434626234626664313063653534
35393530346665613365356436643831306533383233643362646364396464313261636436393338
62393239313462346230626133393731643033626130303362663939613364653562633731326536
37613831363031343062333562393566613035396432393137653464666561383435363635333165
63316335383561663135323535663562353761663634383965366463366163626233393332396661
38313739633862396163333361623166623332313662636239356139653037623130326636613839
66373463303634386435313764336165613835343737366361373762383861656131393734613139
37323463623738326133663037383630666666333333653065336138663739326363313637346331
64313230353866343462333231633738623836323330663536313930303865626137653062386633
33386264623230323033376431666530343434303039343762323037616261376366363236643239
66666136623962636639626465633737306265393932396230663239366637356265663638356637
35663933386231353736353432653732643036643837663864613763633733323437313437353736
38373861373139616532303639653432623262623966613265366162373534623839313465633562
65333330623262373064636139636236353439633531363332646239303939616630303639666266
34666532636136373434386638303163303335666662623831366461316635396331313532343364
66626233396461653132656230666232643639346565333130643534663634333537323264386465
37353639363361376436396165373637356539373630323266306364653833313533656164303866
36336437386430623166653432396138316534396534393462386563396430393061376236623565
63336463643165663162316536326465313966656639663662366133313463323263373835653236
30333632613235393537376337343836323238333131666533386562363464616531353463313663
65383865343236633133353337376662393738613766373264323034636238323331333438346432
37643836643165313964323861613235353030653430306563363165393963373465323233376538
35343039323331636231323537366462613436643536666666326130363635336665663231363064
32616238663336386661356633633834336637613737323565383435396635626235323261396433
37666263386165383530373662303136386536356138653661383439326365323565396134636433
63346538343939386532323063323838663535396236363963366437363661333137303935346562
33303536653734613562363561343366353262353266666264393862616236353733393364303164
32653363383537616339386664323161616232353239343162343539316664656539343763663866
38386163353136656665316236626139336434643834393339643630333164646530386163346135
34333430633964306532316330636266396133666238323335303035663132636138313932363137
30373161633937343330336363363435343134656664393236393264663236646237363762656334
39303662366262306536353232633633313364623636356566316236323031613563323130343832
62376663383366336533613961633033336334646463633366663939326130626131333761616465
32613066653831396537623866613662383334616137323830393838646262333636623531656336
61333133626134393334383663633839333632663939363534303731666361626535303665336664
31663832356337373036616537633563353763666664303531333265366162623636346432353033
31346566666462333636383166633830323165353166643730383139313234373465313436396335
37613637633336616564376637373366396332623632383731363565393538613035653431386430
31373538636563666530353664643333333731353365653135313765646534306134646437343865
31393130353165353534396562663230316665343362376635636634343438373562366239366463
36323432333632386637356539353734343235656432376531336365616265386365393532363735
36653162343935666439366235336333303264613634393562333361636638333432333432393364
38366463633535646663303031353865353638383734376362373839386634383832393831393339
39666366636134616530353466343263633633323238613332346337636630666565376263653834
66623134373662366565383137306333376132316334663931336362373031353430333931393731
30613730363862656430333638646366646465373663306431666462613635303332326362313635
65613732363536336137613132623437656662666435396361323334323834646336363937396132
65336665626531383234616163313365636163396664366566653839316234303662373333313265
66333561316638393038376238373566653937343762386333623839616430633862316236393031
32616139623061353837383533373334336165306632653365633435396638643233333163643238
33393864323430623964383339313765623630626537366361343661613731623863653937663136
36643731313766663537636466303230376639653065343561386635653237346239323237326161
39666435623364613937366430633633396563386563376530643565343935336463613738336238
32313537616338663035343737663465353334613135656238373238396538386664646130346165
31363762363365643466333237616230633966653530653035646339653334383734323762393935
37336664353866646435383961393365353435613363383061306166633236356534373439336463
30646536623932613732353362363664373665303138643762376139316263656132373137396530
64313831343639623530306364386561636334306132643136633237613630326462616466353331
36636339346339313236363934333366613061623137366530396435306336316135656237663633
65303162356331613766343636646630333838373263363333383235303031393264363265616332
35336431343666386561326334316233363637626230353063376131653835656465353961336265
63373761616531663536353031626131653134656635653464633335323335646665323737653838
66356534366539323637353466323662376634656566336230303565303964343161376137303939
62663237356566383239383963316562636237363033373661666365653733653765633033616465
66636535323865623937393162623862653135653963313731313835336234656234376165313733
62336635373962666138366537343363303938623639353063666566646465323734666664663936
34333930323731326538653962306233316539656666353261396433646536326561623732653265
63393861373732346230363831353964376364653638623337333530306362383134333839336133
62373834313830653162366136353862613835633235346331623764313064353436303338346532
35383535396435333264336230313064356664303364343937386538396266313364396337353965
34383136636161393830376164623063333930373465633632383861646161396665376636313430
38363164663737376533376132376431653432313233393062393935616334633064383331353266
38623864393061303339383138643361656165353432653464376233626333663237356335393463
36653761316634373537306237613231643031643865383565386331323134376666303363643337
66323532313134653462663638313737353134326361346163643865616136303439393665623961
63633038373561623266323732313038306466336263626330306661663531663032393437376266
34386130303831633963366538623966313937376238383636373731303438303635633835346532
30323130363031316432366362333033353964623966376363323131633337333461383738656563
31633634356533613135383635363561303234646635396639306634643065613738303931383133
64386365663237363363353432626631666435323931626536313931336634643139373961346164
31663662323030616461343235396265623535333539366564653436383738346661346636346363
34353232336135656437313061376262303335373361323435383132313837323732613131316237
63616461383739396161393237313535623632323530383333346234663936373038613239613132
64643433326339646638376335646561656463373763366330626661626131313630316134386664
30663861346564636435663665653832643239396430623166383232363433666166653435633039
39323866333961353035633333343531396533336262363032336430646336626562666435646432
64623937663061643965393466363164396234353931353663613031313538336562616635633661
39376263373239343535373961346362643164376238333733353662313936346564613966323139
62396330353639306265633630653036636630643162313236663538326437343466393361333564
35643735653036633064313535626636373336303238656463666533336664303562393336366133
33396133356334616666623035643364613433336630653962383237353033333861613137653564
37653531333763383266636336363063666564353732393063633438616133343932646338636361
31653730383530666661316265366334303765316538333266336231663266613363366137613138
33323661653035646135356134333561633730373832313733356136656137393432393331323536
3536623366316637323262616533636239303230306334353332
