$ANSIBLE_VAULT;1.1;AES256
64353363303139323439653532626233333438376138646262643031346336376231373535346633
3932396537326635303033376565653231313437393366640a346539383739306130336162313131
63636562363464626534383435323139383465313066666163366665653466613962613539343533
3030303232636361310a663663323031336530323962366163383137653961613335336236343132
37373165383739333166306263363933386634336163333961616336386339636231386662396163
32383932346532653262316231336666666536333839653230643533303766616139646532393333
63636334623031353636303931306132373739383134633130326236303063626466353037353538
32356139656237623136633638333565613634303239356164623538656230353533656336623530
61393265323437323135373263643934303066363937323162396339323563346661663764313736
63653733663066343261396434663937613963656231353230346139616264623130636366346164
63373065336233393837393230663334623338663730373837303861386165623139643262336333
61653839306135333937383662636336633630653964343535663461303332363463353931613531
30653737653133633938336238366364346236613831316236383136336338363531373733653962
39383734313365333138663836643937383736356365646462393564386235616566316166656665
65656539313537636630393137656631646638323138633234616133623238363636396535373661
65663231653365623037306335636461323438623235656136386535303139316237323962616136
38663033636131656465656530636565396338323262326236396230353834393166376436323832
30313236333731613431326265353934323136623966623037636663386666646435633130333766
65666534323030616235613838336431613362303633323261336336303132343930393762373762
33313130303165613233316639636265333861366536343365633136323761393935626335656463
36363865313933666337613631643038386637383531303862633739643238373762363230356137
30616130363432346662666630613566313764313230633266373764623030343261633539656431
62326364363130666639353836393033343265633663396262376362643038633163336334376631
64623630343838366439636663613461323564613837333164623265303564353030663535343664
37636532353137333634333361643037356236626537666339393037343033386139306532353365
35396463373065343037366635366336636136376465643130316431323365613833393534313739
64333839353531626238383933623462383165353637363366353034366139363335356337373938
36643138333933326165376263373563633166376231613830666263396434623631626463616537
34393561326662323331636530653036616137396631336236613761663634633432386334303934
38393238363230336435356639353566396635396461316436383165373463316261373538393836
66656438383839636661643466623463383264313537626362363332353863313465323839343834
39333535333234373064313061326534373235633338663061326131306165336131626662643061
38346535333135356366353934323663353130666563343234353538646563663966363733383430
33633666363962316238613065653734646635303039323865653232343861326334636434626333
66363034623331346338383864303433323636336335633138313639343565633765323633663464
36303637336531653966666561373138353833626630333530613332656134323664323165323836
38626238616232643737383962333436363431333963386330323938393334376332633831323861
38633637333134346239313234663736336131363734633736323539636634333464636261313665
35376432646531393461343333626437633961626162326637346233626665626461636462653634
63336535666433303261343039646534626562376363636164386239633636663831613662633436
65346462363262393164363635666337326638353735323262393164303130356264
