$ANSIBLE_VAULT;1.1;AES256
66343230336236663539313364613439623635313939333639363931333239313238373634613764
3637633562373466626430393839376661613462356434340a346239666633396363386465393636
38323963373733373238366638306262333762306662643033616437396131656662303239613132
3837376239326364660a306463303163363866623934656530386636616233616262613566376636
64366230626436386432393064303938616535393631363533653839666663323664343431313861
31626363636135336164666330373437666438666430333038646233383766393861363035373237
35383639323230646230656163353064333233633233343036313266633830643237306236366232
66316365303832643564326361363335653630626161613163613832316431346438353130646630
32643934613535333230383934316163306635346233356462666136303439343331373532643161
63663038636533633862393162633562303738356635626362623131356632393334316436313831
66343736343834343532626536656239366530313664616330623030333361343037653130373364
65623865633131343035306663323937666566323038343736386339343831333965336138303138
36613731626431373633393164323066643738333366643162393766313033653566363839623832
30373534333430353837346632303336333938306364666463356331393236383262316564363639
64393332343865366135303633396363326236623461313533333030313035363163623164353434
66393037376261373431396236316563343934636464636362643862363330313361613964653861
36663365333034656162373564383866643931613336613132323161316130383463613564656466
34306635306237623766636134656535663434393531616361313535303139653037333732393262
65376132373064373830353334636538316132376463656232353433636261383936396564393239
62363736363630633431633739646631383435393864373531326564346266383562616130656663
65356231313335616138393864393334626335336634373161346266383665613561626130366464
37336537383161343234666335636235333536646433343831333261656564656133336533333032
61353463323930363464306330633335633538656333653764343335663338366234326439393666
61353938633262336563373235333835323935303637666639613562386336346430636533383630
33356263303762383631626233323766623766633634323736353065303561613235653365333366
31363662616233656664386434636664656165633631343335653734313135353737346434313436
39646137663832646664393534663665323639333762326634366430306135376164633332373732
31623634643937343135383430636530363566336431623138363761386132373035633331653633
63663164383235383362363765353164356635363839643631383333373438616131326337306366
32653165376536623139323834343136313765303961376530373866653735313231333530666166
33646638656139626539363039373864393464643439393432316431363733303336623138366362
62386338646137343063666630366139393463313564343862613237333133656433303434363238
61613761386236313362633766323666663561336135613962396636653431303431313934643034
66396166353431386366366532393633346336383461303939656133343933666162323232386138
33303038363936376336383238616465646335373534373030313230303036616662623232383366
64666137383334376338623764323663313762643930333239393066653935623535366430303066
32303138323735343032363834336635383361396562373436336338666466626532363261646539
30326234393136306164663065663934303062383164313832393762353461303962346334316331
63626565353636663463316135646236646531363135326531373732336531653665663863636337
66636266323531353331303166623937306562316661393662306162616264383136383933346332
64386132386538373735343961363664643832396538653033623534663239333330633337333630
36626563393666373138393638346465303665663938366464333966663264356464323235323965
34363136613666373864663632333632633833303036313265616336313561663938376664663765
32393037613238396462376535353139383534623832386437666564323861333030656161653434
61313031646666653039386662336263366130653639366431343539376666356434316366393135
32396436636363313034323061383433376331366235633335663533326465616531303734643166
66306338643534323730373739356237626432313365613337323739333637323666383662353838
64623736366336323635383431316362633231383461636261393639666430326563306435623830
38396435363936363934353733613634316465626333653135623138326262393631346239343463
61313237393333663966343932643036656139636235353333663134623566313465663939343838
63326362643062353038616631353037333365613537643737656464633464646361383762323762
61386438393866353939616430326430666530316337373263346133646636306339383035316538
66316363353561383233633163386533616265613165373936393632393630666336343365666261
37313130616335346539653665353063373663616132316237376438323239616338316231333561
62386462343462623533653930326538316636663833643766366536323665613831633734303535
61303661626563633263353739393239386136326366303361633239646439633066643565393035
39303062373138313339376530393461353162656236636361313265356466643637313165336361
30623133386236366333616634393066376636663031333066386534393435323066323434343339
63623337643138666364643761306264326464333633393132643831356638633635376231646339
32376136303637633934323030353765306334356231303462656462363236363831663336663231
33666235343532333234653334653731616665333233306137613137376530343162393733313165
64326264663163346436346633353734653365353965313537383163353866343364336264346362
36386261643765656433356435656638393939626361643463613861636635393230633230306232
31353839376338613664396232333561663834626432326234383932613762663831373637343865
62646435396133366635626332626661633364326234646364663566633936313762346138643263
35366166633232343239636137336566643039333039393030336133323264346265393162386362
30393631393232363834306535636530643439313036383764353966613364636137626465666637
36353063633736353764653465333661646162326364383835623939376365623764353632623762
35643066333965333065653337373866616539346364323033356665306166653734636633363833
65323761306463613331313734656564633735306261326135663536353036626265343866326162
30613165376636396564616338623532663230613731343665343538333838373537643734393638
66643439373162346464353830623833396662393263386333313533306164376133383764336234
38393532313966343330353066356338393637323736386463646266343838616433316636346338
62303664346266353461306530633861356535666663613334343036626561316635383463363762
32393531633338653038383964313439316638366366633332383663313232616634373135643665
35663939356133396261616665323935636261303239623763323462386638316365333164656138
62366632346334393636306230663439636130383234313732326438396266383932653835633866
39356662393737613963326664646364333331323233646164303535306332383637343431353332
65633161633861636265313564643862323431633565623561616432333637363837663630363233
34396336653232646430303334346639333966383536353761626431303733383735333265636231
62353332633234376435623933363631376162356435646463313665366539366636643035656133
66643363386261666336303733333730613238613335383965626463366634346532313466383861
39376164383334316162643332373235333565363066323432626666323633326439373062646231
31313265623934353332386131623065663836376635373266616166643462663862323836373463
35653334663633333531623731623633303034313431323833383337353036613763346338663962
35613837623564643532343332646661373365643333343533393236303563393532616363363562
61376533336334653065616330363133346131363333613236626561336332346536613864656136
37353433303432613335653434366465333133303236663132366634333062323630666361353037
63373262656435326533656530363431313739643133623734636236303161363736346332666363
37663565313030333831643631656232363331653038393163646662306264356464656236613463
63326462313662383036366536646362616638313166313666633532643135353263653739326330
36363665623631343164333565313866333836616333343734346562393132616134393361376363
64663866303131343437363364623233303265303963653363646636323362363639383664336539
63653765363133306333323565323765356363393430333931333339353432623531623030396563
66616638643533343961346532643537346437356338353736303136353437393062363438626432
65373436656236303733326533336336353339653838393131336236336664343764336432646333
65646636326237353865333636386266306530373762623863323434306264336430636232366365
32613965633135373161353139333339323339636162353162333939393434336439333531303062
61623562616535613365623962646336666631366432376435356663336437633038636436356161
63633838313363353430363032363731373037333237616363656631393163633037616339623866
34326230323466623530373935363466383437343739653034323533306338643063306662646331
31666435326230373965623234313532336436643534333434393630326466363334363162653532
33303531643934623531363533343566643237616435666665343566663564663637633830346439
61353661633938323030643437383631663731326166396630323133343034326435626636323138
34316638636666316230623266653336653261333939313962316437363030613762373033343637
35333139373162626134336630643231653061613363356435336338643835323237343238306263
66393139386636373434393431343433343335636365613632633562323166626561366261653036
34633935336261313039386531313863626663336363393233393733656632326533353633333335
65616235623036366664373239343930346231633732366334666461336634363163613830663066
33643934356534643832353066663765653062613362373263313966323364633037623834396337
63323732336233613262663761616237316465313162656333643061346663613163353434653364
39333232396130376131626164663437666636393930316232333563313030666262376234396264
64306232613738616636376166363331326165343333303937636233326138343837656233393637
61646632646461383461373239653335353134346263343439393266386564393337323734663335
30313139383738393733646264663861363765653633313639666237323439623439366561393263
35306665616535373637373664613230343530366231326261636566636663373539303765626365
37613937663836383039386235346664386261386139346465303831656231626439666630363232
38383365616538303630363337316566303332393631333535613264373530376630323362656630
38333036643364326333396363353162306465623863353065366231346335313161306666396130
38626431653063386565613764636530363535663566373135666230636665666438326336623233
33383937343562653666656438393833396465323933613230633763393937316139626235333562
65623735623065316532356331633837636665326465656661386634313863633633653732363337
65616462393362633737313938663061636539303731303830393839393765386335646530313133
32386534653836336537656561646532653135306234336166633538383764316332646564363433
63313335623339376433313061336235656536306164653962666235373034643734353966393261
38613163623533653638313434396133326432633261393663313932363332386135363035306133
66313632313734383430326136653739373435303764643132386662366134653733616263646433
35356432303235343432343334646433656231383839643036336365313564343337333534326233
39656638383363316665393864663135613161653337663532383339656164616635633664316135
30303831333136323765323561353661366434643166303532366232653833386636323331366266
66616530363831346332393131646339323962383634383762646633343364663165383365646239
61626663636637663862303530663935663237626531323037613564316239313333343237336632
64663163363530646662643164613938623035633434376537326264373639643537326566313238
31643065613862356135653438373163323863393730383838643437663038333633363037363062
31356261363833663737386666656533326566656565643965356565356237656134623138353739
63336566666132613863366266333136363332316431386666623431306264643837633063383430
34613534633233666338343032383633306235666265636232646238666135343864343063366534
32393030613035616532373364663432336561356635396631623530613064373335313462373332
31336332323334633538333131363336376331303535333137646633636534343566346265346166
65373039636536366630313034643836653434353566653234663464386632666264613731643566
34376134383763613734643530616336323662323036393264396338663763333233343262656537
30396134363161363462643030376364613732363165383232316537646431386638616136623764
33363832303463366137313732383239666639656135663035636564323561376564646531366231
39313339326534633339326161326430656633346238663132306534333964616531643838366263
39666666636436323432373633616238663934616666303835343731303235383362656561373864
35376530373336353364353030653335396566376666333861333961333839663035333339633930
30633830623732353531633163646366336462356630323066306131323637656361626334353161
31653134316165613961356164636330313665343837336666343637383165316135663438333966
35333263363832323561666432323034623639343461386233653465613063366138356533633730
38343163343138343862353964613739386162386539386535323366323334643364666239303230
39623564353161653365386135386134333532623536346661353561383031376361303439326462
31656233643765363965666266333034646338373362616337313763623637353365633961643235
64313638666466343436613164643839326563306435646263303639306637656362376536326439
65366161316130343837656365356464363936356561656137616133353564343765313730343237
65326163666336343031343466633932356238366464396566323263306539363230366264313930
65303062336333636262336532373563343533393634363465646132663063653666303930333034
39616335626439353164313937623634313132393665316137343830303263326336313935646436
39666332616531613463386430306538303631323533313062623632653365646661626636396362
61656431343961316634643166353836306532646639623463343263333934393362646630653732
62643761303037633364303861363031663863313936333638393933343633313939326536373665
36613134626162386233643032343433326261356365663666366564656335613065373037653163
37303662656537363733666137313166666261626131396630366263646639373036323262653964
30393631373030316163323235363233326635306566663437313830633031383565346465383061
34646266343334633832316138323136336631373762343463656263663634353136383731376634
39613365636136323232316464386532386364626237356264316132633566323735366235386337
33313532663761636138313565623965663433366339643330646335613536393035376332356562
35343137653634393439663361313238646539333130633038316434303535623431656161646463
31386537663862643430663836653734393266343932326634633232306162656139373864623963
36653439393833336232343264636636363534306130626331663639363061393130386233343838
63396463613437666530646165326164623261313639366236363563363338376435313966643961
39326636383730623031626361393434373830623461633361303865336335306137636436386366
35363532386535343137343761663063656233366165623536613964663862663837336661323238
66373165666261386564653037656264306237373730613633356536396262643332363963393434
3734343838663938616639323538616334333230613530623038
