$ANSIBLE_VAULT;1.1;AES256
32383532373261313132323238653939326235626231356364633831323762313437636466636132
3664316165303866323236343864303862643939383232610a303161376639616336623163326164
30383137643730666139353030663935356366656334366237653662376266656330613331633563
6336316265396336310a646531343734323334656634633936363737303331383365316661366663
31313430663034306262653333666439616137303264636335393032623461616133646236376137
37643533393161343435323131346361323438643433663261383564303139326461633931643962
34323832366233383764393334643631663131646266616565666632663833633838313035326533
38323335613233376361393138343161633837363766346666636431346363383630313639353764
63623232303363313266383163333262396332373166376330666434323338336365613266643637
64623163616532643530343736306439306331396131313735303662323364333031663238653933
39306262623763353064663639623261306633363531393634333232636163653064643162303039
34383638303939363135343039313062393135353566373430376561623565306433303363376539
63656337613931663066303264356633303932313566666433393236616537616665363935363165
30396432306430396438626134306436313832393662616563636535356534373062306466313063
33393365343238336339336139343938633237313736633165663063313634323431393964366434
39623263643934316366333534333431656665336564656564393166396164313138343262643563
39663738326535623330303762366264303863623762633662356562353966613934393264366462
63373235633162326431333862343036353036613539303337396563613039326335323939323233
33306565653933336466636365616162363134653263643666306530366262626362663337303033
66356265363438356262383932613464633664646138363062386330353463656165613934346539
61626332303435653630326434373038343733653736383831623964393230653536303637313639
62336230343636323464663232623333303031393037366333656461613637643634386132306465
39356262313266623339363233376232326465303634646138353534333439323262336565623238
36646536356130393962343463663239626364386436653465633434323335346535313063653735
33376532653665316163333564653164616263636534316131623335386261623938303131656262
33356131363033613262633633383638303836636531646665333236626434373337613232353234
64613963346534326433316464613037333564383663303738623633353530633736333532663735
39613238663864393836356436366238343861383838643462656266393939353636666637336565
34333563653538316230386430666366393961656435393036626637386366383737303361666164
61383530376662343133626430373666333036646563643566633230383862373965346363333564
65653162616337306433316531613131393039333732316362393836393761383434643037643566
32313664396636663735326564636237613862656431336530353362663234303339346437323230
39373536383938383431316238633531356663616265623464313437646631393937666165636631
33613038646336333630623565323734316330393737393465393132636530343438636566316138
38626365323739626461376666653535363534353565383137383662313632303139643763346431
39356130306364363763323030333730623064306261323965626334336364653565613762356538
31373562626463383538353937653637363831643865303233623839303865653263656431343463
34386638316135653531376531626634616630336162623930346533343931643438666462303762
37663536353235356437336332616531396631363434333735303139323462663134323933306335
31646539373734643531343438666132383438353531333536326437653965623666333833616466
64623032386635366535343436323436376665383534376436313763376631313431616439636564
32333137333534656237666464656632346334386639653432656538646139643135366535653530
31623666633466633733313538626463346237306563356534386432363230376631383331303462
64636135653738653336643964303966393530353963666364663962373665366130626431373336
31623231306262343666346331666166353833656333656632333661623338303930653762333065
63383430623664363635373361323061336437636634623665306263313766653363626138616663
32386330356432646236636633356439356134633834663036643132393236346564663538356235
36666162393032383139363564633638323766633536643965656362373035353861613339353362
31306164633838346666383436666631336363653439373537636361653666376636663465306539
33613461323435663834663936366337653266343538333965383461386338383236633137396532
66376436646263316138653935313564313966623134343365643764373035373536383238646366
31646132363461663636396632646434343137323434333434366465346132643034396434393232
63616635626537306264626336386435346362646133393964623339363164303135633334613536
31393634663030633230653365613235383961326666633361313862393531653531306566326637
64336330643935636263373564363335663265373062663230616465623063326535323038393262
36306339373464323937616237666234643461333036623561333364643434303539373534653630
37643735666432353261616335616337333437356663656330633161306366346236316262326233
39636432373433396161613763656634303835653236616137313939616238346565666330306365
36303236636462396261376466376466643335636230363662653261376361323334363261323334
66393131376430373931353166336234643832396562376238326530356664333133306339623065
64313838313532626361633465346139326238626166663235663031623265663164626565336135
30623437343839323361353363363832613335383431316663663033303263643763343661623962
35363065316135613737393739363061323630616465336231323532623166373535303238356165
39323162393765333435356365373766383564653435376166666332646634316163396234333232
62376239356338646634376635393563323561393735336535326133356564313164343838376362
37623936346561653761623564303761363439633764613432636437623932343539636432386633
66383230646330396633363164376534623538623430306638666163653435666465373335666239
62366636626334376263376364333437653434663535326538346632353935346230613030313539
66333233323130373630633161333731343364323363336339366339316330313535396330363463
37373330333263643133633332396633626165393631363039333564646537326337616363373238
61313964363436323932366330613361303766623230343065353539623238366633326539386239
31376463353733646439356264616632643031313066396466643334653562393764656161303663
65643730363431303331666166373062633039356365616633643434396532616664373239343864
34623334643963646336353932393232313264376164633862386264616430653831626530613966
30306565656630376661356539363132383664343537626230333063356636346635313638353436
61376263396562643561636235303636383433623332653338383034623235363362353338386136
30353336383466316663343335653836646666316363313732383632626263303331316665396234
37363461386334326164316364313936386134393536353166613164323362336362326437656239
35303931346564643561666236353237666135353737613364643836393230316464343739646530
31326136363530633432313534653166363231666432626437373261396331396430613365656639
62326339303561396130643135616338666335646231363965626463643561343538343863393831
64396662646662323339646632326434666161636137323533636436616437323237343839663830
61666264303033333562653231306630616264623933323364336532353365393738656636623539
37396364346339383165373761633865313735623033366133363537623936383733343334626535
66666135373061363837623137653839376537393361373532373633646162353765353565326335
32323463313937656535396361396162633866333664346637633538636638663233376639396163
61633232313430353361633262636566663136333636383763653263656366633735373039626666
34356631306364616264643661653932323235346236353965666263346663636431336237646232
30306335363434633635353666363236393739613461613662326331643431633930323938343766
36623235613833373035336335336361626461303230643461643032396331666537643834383261
62633063303336363235653437373333313865646564633965313466333633626261376564666463
64383330383536616161343161626636386262613030373738623930333533383236346237386439
63386138353132613864363735626238333437376237653934323831386664616339656539383639
65303139363733633762336232363361346133633237663430353135616334373232613437383334
30376639333236616664373630346636663363383633353033366466623131353635616638356230
66313966636135663733663061376536386565346233373432636566663664393365333639303735
66373961303038616336376438333932323766323231303731323833316263613763653332333165
37303463356162663962313062626265303731323862663665373639346334386537613939303639
38646664643838626535316434333564323038663865643364663031353335373563666466646530
32386539376365663765656138343462656666613334326263353131366263623465396265313061
63356433343233646163626433343766346365336363613237386335343334663230393739313162
63343836663764343037383234306538316232303231316339353734316464336663633064396131
61313033356635363364396330313430333330633531393063316162346139306661343638656133
65643837393631376666653338396131306261373735356434613230303432336366346461623132
36373534393835386330636466343930613634656637623663663231623164376461656266626432
39353533363365363162333466393862356564613263373764353461373732396232313963616463
34313035663261643162303163386362323236643461316237396530633339393731376636643435
35376630636236393162373031643832633466643138653134326637386539663964656561343963
33613538333135356234383330376437646435373939363337363832346639623830663864643334
64356533663937623030623364666534306566323331336562663366636239336136306332343638
36636261383237346362363632656662363338386465323637623031353765626438396236356363
39333638346365306230396639393730343464306633353639633763353434373961376433623237
64613930386163633439663432373766656430613766623335393032636139306564343337653634
33636233653037346530303237396335633037343134626134353831383932383766353861653636
39643334626539383934633335356230666337653234613761323039333334363139393631636137
35353931613365343066363038346138326634376430373265316266333038306339373231396162
35636430623236393034326437393036323539316134393366356437663932653331333034343535
65386161646238353962316661616234386334396133343063636339636664656566623330343232
63333231656666366363623238323632666465636532346431666634663937393664613633396163
36653736313937333439363330313635663437646565633265653236623936656133356166653238
34393365643334656630343932323262396363333336393465313636356335313462666338383933
32376364333861303732666632633863326132373133356436313534633632356239363464303330
30333536323363353836623431663239663531616466616139353933623839613638336562616233
65643064643263643862396233346632303164636463356435653939653934383432316236303630
62353165396133373730333363353432643966303933643961633131383663316435333532356639
39303538353334313733656234303134323335303539353061363432343261306537373362646239
66313132373463626239613861656436343063353665646238383736303733346363306231353132
36386161373161366464313734303035386439363938366263336139313836623731643961376366
61623339306239303730623664636537343139326661623530643334663661373431393339326164
38366634613733373862643132313663343161333133323065663736323336653662353332376336
35653963626363313862656330326538616439623463373135373536616638303033363239323763
36363936346236343862613538323636643761333664393736303536663061343033383130303763
63363639623766646364613930633637323831666537613833353763393536363237646632623362
36303731636164363339363432613934303936366532386433623366623766353062333162376131
663237393535326232323435663332623032
