$ANSIBLE_VAULT;1.1;AES256
33616430303063333037616134623764323837656137326135326362393333643139383135316164
3062333964663761623636633732373762653966613533360a656539383734616561316130623331
35393330373162303936616562306663613138656662356437383637303939386362303762633932
3834613663336638300a383862366638366263326661646665363435663164366230626637643934
38636531396335306265636366646266623734623731356534343739393261616536373365643839
35313933646632346335316366316134353530303239363138366462313366346137386130336262
66636564636635636261306264623863316566346430636466303138633236316338626131646639
35363832373233313733326638323035616234616637333639396638376339333365353336373662
66386536633836613835653730666136396261353966663066623735333039626335386230323235
30616662386338623064343861643534396366353263383564613961396365383532373238353362
62376661623830356265303961643662313663316164326433613762383963393838356661633133
30353366633263333237383939366432363261636336623434393530616337343263643461656436
36663236643438626230646530363133336161336361313764316535653836663432316262303630
38666637373362656634333138316566363034363635646464313638633663353330336238616262
61383433366439346632326162383733343336663966333436666264613631643538343938643336
38663436613965333966656531613534343736363963363333393633393839366363613962346431
34663630613237366439653764363230336666376437646632653965653662303262363036373961
34333433666663623464316663623737633132623166313866383536346233626334653032393239
31333037623866646262396537656262323537633330616461613331643562646334626563666265
32326439613164363739643137333933306364623039366439353032333433613333623762656362
62383237333033636536326161353831653566386364653231353733613162326336656437373439
36343032336532316534353961333830343134323839663630643932303466383963353634316532
65343561313261666363643232313463333735666662336261623836636239396538626637653635
31383431383739653939376264393965653434636233623064313962373764626331613531346133
62663237393839666435396531363632316465626164643230303034383839633131316162376636
63303130643230666662383163333864643737313061343065643462303733383863336131653966
34653030366339313066346336633736366431306439306262303364663433323266363864313362
33373333326164393735373865646637346365396334323138343339323834373330656462633839
31666561663631356537653337636561366335333236643363353733333734326666373130346430
62343333653739383230613137633733376132663761346566383363316231313635316130626439
66373730353737346163666232346363616339376638643339366230666566306336613533393564
66396232653935623064336162376135313331376432386532666631343861323337333365343232
32326137663865356531646361373461316235313966633663393136623930393466643665363537
39663739633230303763353835633433326638633835643937386533623064626361383534306436
35333332373539306266653833326335336264376366353037656433623861393761623165636434
39666139636564646234386364663863383436353962303564656634393661616235623032383966
30626466376335343361666665376132393937353435626431363165613666353638633736656335
62393961663738616234626364626333363563303733303637383935333636633233316532306365
39626530653532653734623464336438346339366234326233656131303466643533653630363935
61386133306537303062613238303531303965636664653230346435653336366138383034663266
30653538303063376165666237653137353332376132623865616538306236363036
