$ANSIBLE_VAULT;1.1;AES256
32666238366232336231626138623435636534663764666265333362333431636564376237346265
3565326139633039383263313731396164666334653739630a316338636530333630316630373162
65316366613838656234303431393165666232346337646135353935633939663837323835306335
3336323761336430360a326133363037326664343933646663636439356634626238336633633535
62376662343461653836396430636662373938323931353464613665616666366536343235343432
36376537353334393164346431323461633035623636653661663361393865326266333239653063
31333335333336353934383930616335366130333163336336613531653431316634323530313430
63333030656632666430336466356233616530616563363638623239313230636333663565346235
37666166343732633338366435326431613862303538636337343638373435343435303731353230
37363035353636303461393934383834653063393730623461653961653538613462396438313133
39643034386233653765376133363261663139373861323137623461323430656533646636343062
63333934396562373634336139613330626165373763363061393938623030636135636165316663
35353837373233363232643336623364656664346434373433356265653930656266343530623531
64323437313030393636373235653962643635396130656162336635303934373831636136353335
32333033386435343766373132366635383166636362613766303761626664343236613365356365
34353033343130343661306139343937303631666630626363386633323934346536373236613135
35646365326136613633373964383338396262373535353338366430663433643436313439623035
37373439613539623731336534376135336363303963366161303862356530373263393462346462
32613738633631386364646134323466326634626264643532663961653230623863333264373039
65623565643631303636363035383665383462313739356537333264636435343061383861643935
33623866643964623739316636616365656339326430656162376339616535613666313562313431
66646664623737343363313935303433303365623963653930333266373163306232316561636130
37383434623739636365663933323831626535616330656461643966326539373738636564346530
64616638393937303036
