$ANSIBLE_VAULT;1.1;AES256
65346163623136396163376634356139393966353462616562646436383438623834356163376638
6534653165346537623762613362383632663135313561360a663431363732323763623835656532
62343931643030316461333566323831373639386538663434343038326530656234663537393732
3535626631656438370a343161666165383664643166356635366132343761383431363531306163
65323337616462373133666333623132323939663532663838343033363234613464313239303131
37356535623731313331323364303938373833636130363238366365623838313534333033383931
62633635616639653262626539626462663165383138383438326566386261396239613536303531
35653965356534643835326239626137343939623933643165626539313230353562373836653835
38336538383033383032636666346635303766663766653532613939343866363235326134386165
38366132336437646266616462323137333431363633373537306361313133626336306336383831
39636139616134376665633564373363633264336436373534323537373133653338623365646537
36356166313736313161316537333362346233373338373464313334336435366462386464326263
36373938653832336638343062663564353835313866316462306566326565313262336236616530
64316433313633396431376361623537613336333739346365653463333966336465636338363932
39333433303534373938333638366133346235626362383534616564363330623937393833336632
36656139386136656338666366396431633132333936306566353734653661653966643961636531
61373438353662316635643762636131333634623532393563643665366565326237346463666363
34346338623730323436636637636138323961323538346439333361336465363534333766313136
66633532393535326537653537336531373664343365303332623739306232373939626637633038
30616230613435616530336464333139386166383962343938656230616530616636643432643861
31363034336663363737653163383736366130323032313633393963653737306432386466643438
38373137363538626561616237336638646166653037396661393733363666643530623534323030
32636333623564356439353737653332636532653634613161626639373633633231666630353931
63326230376563653031383866313339343335613736616366313532313731396431323834616631
6431
