$ANSIBLE_VAULT;1.1;AES256
32643763303936373561623630336365663031626339633837303762323464363862353734373734
6464393263633139343561393262383232663934326261620a376535653834336138316263623333
63613331356239363162663335353235366631623239613830323631633337316161393936633065
6135323731623361660a363466343262396536663338323262626635626565623035643733363137
63396438316466343331333062636661343338663564373531633164353130666437326536343031
31313837393931353930386634373039336132316434326165666665643663313764386336376363
33396663653166393331303033383330303032336461333837643333623665623735343534666135
34363936383831633939343735343466623564666664393066646233373466306166396539383462
65613566393231356137366336643939633031626361653164613462623230353436633932363531
37656335343031616164353630666635313064623362356266623363666530633966373166363737
38666666636562653138303263636236616434616537666633646437623933643266333961373939
62313630626364383838653234316634636236373464613463636631313562386133666435336366
39613764633061316137646666363135343030623262643832376334393330366433613136383563
63363136653765633639386263633764313331373965663362346537666336336664373335393737
31373665353039383134303163366138303735306136336337376635313136653562323539323365
37323762373730373965303939643839323863656565323963333461326161396262626162333765
39343732323937646262393961353862663735316434633736666361633430616332383133653166
37653138323335356130663538643463306661666235616262626532313661346238613432323163
61353436326535366238356134346263323431366339316666323238626366633266333232343535
65366163643035373065363665616536323935623333666331313236653765356539646461353338
35343766386361663431336336383832636331373532323465343938663737343738663965663639
36363033363862636635326564396530636437303738376432363465623334353961663562663639
61646430643464326463616465626432363035643237323164323363633131346432373764303832
39613133626365323962313631393965383635363265613433623834663230373938313662346136
31323664313739663931316238343434323936666130336438623138643436333730623462326661
38613664643064383464333634623264393132396662303865366635353865643831366239643034
39376466653630363233623234616230316562643363663261653639633639656330643238616533
61616264363931666435
