$ANSIBLE_VAULT;1.1;AES256
31616636616465653661396639663266656662363234656162646432626564326239393462633330
3837326435303963323665326561323634633630633334390a613165623766636537356533336564
39323338353032356633376530366234643334386362303730303936646634396133363965373064
6135326238366332610a313664393239316231343630396337396233383162373433383832633862
37336232666637313539653838306234623137663565366161343230353030346230343038623132
32306634333434373963343630356262393764303839376433613365336437613234623566666666
63323738666236396665376464306263343539336130656233376466333833336562313561376437
32383935383139626636323637323762343964316366396365363235313338633630343937373330
61333265623261666463373230613463626132633939343531363962353064373737353738356431
36306436393238643633303234336439333035656361333437363136343764353033393465663332
30343236396165623737333361303362383434666466396531336238353130333562346432303031
39303166303730333539666536383634313538633633636466663032376236383239326337393065
30346164666332663362363365623932626463363333636364323565636634616535316434306632
33633032346163666339623064333238386139653066646439393761363537626638346531616635
37386137316561656363623134373630343464663762323938623036663161343137343462393832
61643930363030363665323235336362626333623464326466646630643535643332393262633964
61386366653835386639323366343764666565346431653131343163646231363961383239366435
63616532613839626662326263373564643338336433626264323164313633613436383062633134
65623363623064316135616665303238636563323936663933303938353833396362353139353934
36653430643033663835336232633365396534366539613833353137663532363336353834353433
64396162626162653963363030313564363738386630373431386331383331613833336633383466
33343836333333326437363538333030356664316338623864623963346130656561323532326261
63383064626538643137633864383532353963343833623138623562303765626339303631303664
34323136313432303835646330333935623864666133363832393232326335373932656463393533
31303634636235633463356266336566643962326662633334326632333632636330373230653865
32303961313164616539636162336232376338626330616465383733343361313862343561306633
31393039346262663432666233353836313763633864653665616339323738366231653237323361
32313534363066366262306137656336366634333762666236613534656431386238366637653332
62333534363438386433393833393436313234333936393634386262376436393764326365313066
33643832366332363939633631363563636136313563663238366363643932643436663266373262
62343736616130376337653563343535363365393534613333616331366531326138613532366632
66306531343136373730386637393761313139636561313261363938353232316634366262326337
65353666336131646430363937363262666534326432323361633131666237353263346565643230
62343135323937623939353166353763626139373630346662333964323962323132386131643933
33323461623439636165306134303936303864636434386465373636663239393863376538303138
37396534373334383130346638363035303437623138323434373237396130656239326164303635
65636365626666313433336163623332393739323436656533303334323537666437363666663533
35326265373535386436663863383464383266383535386531356264383865613662346438313939
34323337626438623138353061333637363833333561306533313936383462633438396362323133
33616231343062346430616263656430333133383834663663343036303762393230643834383131
32653935643536663538343832646331313665633262396336353134316261393965346366663864
61353261613833653536326532336665613936333937336665643631326662303139393963333963
65616136666261393163613439336130333862633333663731376136616636376238656164643130
31346362386438396164303334373661623266306636303431313362376362376166363033623632
63333939303864666333643138313861303862313030626638633632316666346431333038356563
32326633323761663765656538353632643865623438313530643865666333343732363831353264
66626664373964616538326665656166383563633162613563343939306132656130333561356530
33333737303462626530366666333232623962396333306361343638616665613162373366376162
30376332336164666365326464643164323336613438366365386432396230346461666230343335
30393263633061323434353661613632363237306330646630633033666233353234373835323337
30633664656436393338393963623534303530636138373862663535316464313365353561313333
32393930396664333364653933666635366232616366623136363066363862623737643361316532
36353265323239613863383836636665303539313565336461666234646230323831346164353030
30326366646536313335396538343965663636613663396566633938326465353464353631633035
31313632356230313335643330643362623134623935376438623937623638313533376461373438
66613462383836316238363165326435313831346363353064653563643864353163613634333363
61666331646331373737386436633639383730653339393236653636623137666433356634656561
65633932643861643264323635333637393066353866376238636161636533356365376532386632
61636635326464346564323533366234663461636561666564383733383162376136623837643839
63626230306635303933626432386538396530346435656430333533626330343265303039633233
61343339303333326161626361616539646264656164646131376436313436333235303762356238
61303538366137373261356664633131306230376363393031326138346266383637336164343166
61336465656635316534363965636462366435373939333437313731303830653836316461393137
34363939333164656339396532663435336631666237336466323437323538393866663966306434
32383966366533633638633038373537383265323631346161636439653137346163646338626631
35653362353862663139323036333938393735343338326531663338383035646638323361653538
31313030626630643262623164383961643663653334356235653464616330633561663238653935
65663066653731373734633836383335356564633734663331366138396164326139346638623330
36656263363939363037336264343162636234303230383766666264313366623163366462356238
62383833653836313863353739363832623236323631376563383263333436326631633731343335
35666137356266383638323634633561363039383433313136323732366633656534653862393463
65326335666631633061646138333239383766383363633337376238626564343433326461646663
35393738363831666639333832316235326565633766303439663462356436626231616133393030
64356338663337643337363161363933366162303666633538326335306665663764626336333930
35376133316361663339366131376137373763356135313039663436333637356231646461383266
37343931376464366365393332353739323564346334356563333562303832646539383731386332
35323766666266373932393262346535346430366336313563396564323665323863326535663965
30376231636133313339636162396333336138386462363933303338656435663431383734373266
65353266643934653932333139323437626236346538323462613266363138323665353365633230
35613934663138626532666331633638313136303437643034393432633631313063366432313839
39656236636231336332313530636161663766373361663063393139363663633639633938343833
31626338613835396133373337323561343161313132306535656163353966646465323239373537
66343364343837326331323331343963383130373139356633333166396565303631663365633366
37353932373661323065356266663034383036373132646465383563656630333133663531626361
62303533366232393530616238353061336462373264353436343537626631313034643334616662
38346634353730366335623565313462613431373730653232653637313366323733666165643234
66383062373063383762363763333632306266336563643637636263363563643965376434303533
61653636633865653733633633366663666463663635626436323061316332336636333637346664
62636666326536653635366162663639303761643035633634376536303862656532376462623765
63623362346132353831343935633730353933306364633633373338336363353034373532643237
32663764633235316462653736616139323564396566323338653061333633613462323266343636
36366466346366626164613862653734333334666235663730656332626365356363373633633831
36663865303765386163323036393238653166343134353763656166333430613537373734373134
39653837323961303463633865363235363861326464643066646232323863616330323835306439
63636330323532666439633430356132326564383063326364626139353836383062373661663537
62616564653036383731666165623938303432326135643862303438666566303266626462666562
36626364376561366561356435393033323331623932376138646438393035643464313037336233
33633363376330326337346462376664633861393330383932356236326662653165353664386639
64366635653732383665666463643138633535313430383965656232323338646435666463646135
62353133643838386366313065363361616131613933656633313766646239633236653631303933
62613936396636386163396139313462626333326532376364643166643833613564626262303735
34393739333630643232343966356638316437363164333735656262663936373334346239336361
62303433646265656134316332313633396534363132623532396161316638363535363038616439
61326231333461316437616337613632396363363363636265323733363634366661613538373338
61633766343562346564396435656530616535623139326165323933343964393834386631633063
65306530363631306232633339636535613130343236636335333265333966633931616239356534
39623264306466386235663337363633376363633739343563323163313334353764333831336637
35386533653261396331633339656238353961376236313065383064616131616232343430643535
63626636623239613262666464366262376333303361623338343463393661336662313463323836
61313135376537363839336232356234306165313138373538343436623665653537363934396361
65666462623535616666356266313435333330666438373030646137636336343839643764383036
35633665366463376236363230353663613864306461323337366534626364333032343163373963
34626165653662663239353766666236653933313238376463336464326235653961656363383231
64393031616565333565373463623464653038623630306533353637373836336536393439303937
37643036393261663662663239663361643139623733616235633635373766363630306163383231
36663539316432393935303538353064376262323438396161393731326532333265623862653463
61643739663838663361353264393862333762346439363363333765366334666463333864623863
64373534396138653634316261353739323733316632643835666161346161313034353664656232
30616361646466623661353231653336353232363164373731333539373261316435633866303861
30616463343333613433633164343362323530313965623833653432613462303165383036313131
33393464313066353038363361323937303561363832323362663230333639666631663234336636
34656465623338326461343864333630646661343931343066653562396636393432323037323766
66316134646133656432306533363337303864343238383562396334343036663236643465653935
31346364623264353734313661613932373433363766643565353932323330636538353931383461
64313531393865326633636533396163646563363132626163613164613562333164323433656234
38336330353939386131313063653237626164636365333431623238393933343031316432633661
63616232306363343662356562663634353061636631613139613164656139336431633030396137
37656233656562346139343462326665346238653030343034363463376538353339323739623565
66633133386566356663326234366263303838623435333463336338373931316466396339636332
32343037376161636161393236396561353333336435633435613534613936316337633132356139
32313161633366633764663239356432306133666164316630333537393266386438623464666539
30316235653162643630646261303036623363366433373939313232316531343834366132663964
31373364323138663534393963383161656134303765383430346435336234656462306465313032
37353963393130333966326432613830633130383734373132306138336562643363393939643566
32613932313765653062623134363531613138393436613133646265303439626532663761343639
36356137363661653038363864636461613333626633396162313730396535363561346632616264
35323132313537373131343632393662316139376461303030393265626635666632323137643162
32376665643737396462633062646665346231626137353061393165353935383734643532386334
31383038633664343334613032343636333334373364353835336663393565313530653530313239
63356663353762363761653563626539386161366230663532666237636430313836656135303333
63343963333331383530336561303863656133363631616438336364306563623032336635303666
33333865616565636436363238346465666237393164636339343933303731323536656538656664
32666131633332353335626334343439656530336463393135346636633437633565326136613035
64303030666565326131663233316564616431323430336537383631376262343263653262303335
36663162373838623933363761616635393535396432643335626565636266393037356261373761
66316434336531363730353162323430313239303034383730303234633635386336643139313162
39363266353130303035366138366636396266376530653332633162636365356464386536643662
62306163323939383463303064316634316638633030616632366538623433303461343664353435
61633466666461346162356131633835313261663435373962623965343130386365393538616531
64386236373565363332323733366431393530303439643537393739313764656163326139363765
30383766353234386637356331323162376431353233343764613066663431656465333530373937
64633334386138363166363761393836356137313834323235663032613564376436363730663365
32663934336431333563626535333464366664666265643762326363313663656463353134383138
36313362303466363663656666636364616563363862353939316461336233623130313134346636
65353364383663653535623462353136653339386634336434353663623935346464333566643061
61366531343539396339616533356137343539366261396635336538373332346664303265643464
36323331646234373136343331393461666138623537613131633330313964316238343862646231
37613639633934656436383864316364656364343465303063366336353536663663323363613564
65633966626535613433636333646234616261343530333738623765376136363236366239663532
30646630383561346261636139656338313937616138343939346163643332376636643064633066
65653563653233323935336638343836666135386538646333663735663932623461373861663365
66363731386634636261383830393162393561643561393231616661663630623636653465326136
39663564656334356532663333333161623138376230633765313232303133393231313031346134
63316264333865383335643065623862653634393465653734623666343362383332373366393631
62323566653936376466626136623964353732613965626464396339646562626237313031363330
66393432326330303239643931623433303763396332383532616465643530663338386435376537
38646533326535323136616634653133353562303333666431303433383539356437656635623337
65333165396362613338393130626564663934353138363939636663353235663736303938376435
38643331656533303335616236373730663961623162316365636333623434386231336631663261
39333430313065353330383934623632373334346261646363376362656632313235626164643635
66393466613032376230326161613236376466636233623363373962333030313538613661376236
39396533303931643433303139326238653665343835373862376237613737646161643262656231
33663337323937393835333734373965613936643230633363623164343731313230333338353562
35623031626236343636666361623964383163656233343832316431616330666362386564663264
61313839653063386364386664313039366634393531353137353639363662353939353062353039
62396232363339373462386665656262333530613730336233326630323039333535663931633439
65353835386464653638303561376262306633653136636139383735663534646336386634303134
35666466626639306431363032366130383863646137376161663866346662613830653039623165
61346639626466363761633837333762626461303466616130376233373061636235646364666161
63653363373136613065303864656533333439376564356161393830306266633433346130623032
39316131646438656135383735306230313730323862343663383638353733393231623237616461
33626534343938613061636233316663653233383835313863646632336462383239373661343966
61333337303436616166363838316334623934303333383335363036386635616637616136653362
39623135343865653333303765316363633133353533656338353364663564303030646662646435
37626333653362376230303061383138306264313230636630386465306561363133353036646632
38353261636337366266643064346231393262613431646665643063313532343434333435346138
64653739363337333537356433626236316262333532666431643166386435393435336330326330
35386337353566396532663865376463393436666134613866643739613763663662353066373030
31323761366234616661383835376431653636643763616634336264663636653665643131653334
65306165626133343236333061663565323965323139666532333432633435376230393466366165
32373333306238303030316232613264313166633861363637336537653938353239623862353062
33363033316361356662383831663635343737626139336561383632343463356166383237636331
34613266343132353538653666366638346138356636306635366536393862366163303461363538
66663033616636643032663865626466356537303439666666666134666539303262346230626161
36343330313936343239643937666265313863306438373535383062343539353463643062343566
39366131613837333639393137663465386432316263666262373930666664373033343535363762
32363631623536626630663030366334663064333435373435383764623762393337353566393039
36323466373362386464633433623965373662626565343234626665363237353161366433373336
33666365623233313164323132643663663362313263623533323032636465633166393861373863
63653235303631623030613866653138333138373335373639363664393238613664333961313334
64613033393139353964383162666365623535356430636533356534363166343337376165383665
36313333386561633663663230336231366664653331333034333161383938343935623863613764
37613932336364653530356231333563303834346664653939336235666236343436323939356236
35613938306639643139353437386333373737353161333132336235626638363861613439666333
37643563633935323839343366343538323765656362363064346630396432633265323134623866
33346361623435323962343535653335613236653538633831326235373962346564613838623165
61363063653835353732393463623437663833323739353138633262363062636535353039386361
62313337316162393032636636366134386432626338323938343235666164383537373332633435
30306332366338316561333632306134613237626666373362623061333935633939623033663139
37366638343031643936376135326466363764353039336662636639646462383861323937326263
36323630663661336530633637643864663733643863613662616536353337313437626333396636
37333666376164636130373033666664316335616538363236623031343364643038613331383139
39633035653932663164366561313236663139313466326430626239303262326137386331633165
64646164663864343230323930313834326335353866633438336164666432323365613239373630
30336437653366333133316335313663393339323435663636336431346130336134636162326633
32383763316565623666343239333733626138663739313733313834666235646537366438383436
38313461616633336633316263343232333766313964303430303233656634323137613432666163
37373739623531313064323064663163663833616534386661653863346438656130313265313536
35313862323037313535386633366237616164653539616365303036336637383966383334376439
64643465363939626364626164643062653636343061646330363235343534326139313238316363
39626233393538666136386134353030336230323463646337663535326134343539356162313766
37386639633932356636373262373633343462666136373933356332363431396636313362323934
35376665346166646331313530633163653136613230306632336432383239316562656433663336
39303431363936363433303661613839363634653963643230323435346638383332303163373938
32643937353535373532333362626539323435646463383137646666626662326433316262313532
65663030656638653632383737383231363061653664613562373333346437323462316135323330
35323338343335363662393233663439343064656432656233313262643064653830623566323637
34323236333566393935386264663364393432633434643961383036393163313935316639623863
65626138626665623761656636646231303865316430353235333964663830316137613934363366
62356532666138383163306632613639386665623530613238636465326634653766343966313437
63636639323336666233646162333930386135616436646465616238386639313234306332356431
37306465333737336363373537613038613839623664616362613866396266383363376136663862
34303230386634633464343931313835333634383662396161616465623966346336393830643837
31623532343965343837356237653635656336653037373639333638656564386136363737373736
62343433346361343365646661316635663131643361366633323431383764636238393866383031
32636464666466366262353334326264643237633134323761636630633437643437336666356562
65643532343762623638616330343437346135383332656432656531303261366230663335613438
35333933376162396535336164616662323266323832356134363033646231616536386161616330
30326365343566666435346661363862356333653433353963663135646431383463613264653636
33303563616561313636373038643966656564306365346135616261303561386134303637326532
64333036336466316331313964346466343065386230343165373930646330653733326639333133
66643335353966633538326661663736343833613866346139373331316535306136303336333631
63333935383662333037306438623762636232666132353336626663623131616265616539643165
62356330366332613035386233363865376231313536383363316632333530373964636566366630
63353530373636333564326265633333383736346238356635333639303731653533633936616532
62353663303430303262333161656339643231343730323635353832633833613039343834376231
64326336333931353866353138366239623838333563633339373965393562646266316161346138
30663137633066396364383964336336653561616566383238613661353732353038346566353261
61396637623633623761383463323430363732326464343734623561663666616131356565353265
36343535346531636130633363616238336662663830363363323132633863306434376161303638
37623761656439323562343734663638636366663737396165646666626234626265353965346365
61363464303763336461626235653165616364616162613133653663333565613832346333663430
35636136616633383936353434353032336532616138643365633739663962666663333231393437
31643566323630626436326462323934623062613138633734666538633766313435376666616435
31616439643563643264623163356261646637376230336536613130346466366166326130353731
39356134656266313133313566306663663536306231346236316361633835343466383261663831
61653066313961366530323730356631656264616438363431333666663265636330306534643765
31353462653261646664626433313061376262623063636332353662633939336633363464303636
35356364653037396530353630306638323136383634386339363436383532643466646165663761
65323437653064623466306662633737333662633336663730353463653133663031323836336365
64373934363035316432363139666665643236613534363030396132323236373866373638356135
30383165613533626361386465636337633162316361333962336137653166313665333939343132
35326437316438663338343836646661646362353861383034626565383963373733303765326239
62346438386263633664323730373663386463366134373532636164363162366634616564316161
64316235636463666339633965646333303866323633343033646532396135613731666261323262
61306337306465383632373137653437623738396163663462653439636530633565666635653463
65313063373264316564313337303535633934613762656162366230353032333836316534373163
63376166656266363461646437616432353163363365323534373366376433613466643535646535
31333932393830376261373038383363636630326530656163663331383930656435383432646262
61633963666537653437313833333865633730306461396332353830373264383737303438363236
61303164373534323262376466653438363363356538353330323834663163326262333166633833
36356164363765616466316439386564356539353937343738636466376437323564386130376231
35303930383535633632333637333339353364383065663762613532393564353562396536313330
64346332653265313363613138303766363332663935663431396362316131326265636264636465
30366232376463643964663232623037396361666534333166653261303761356362353632346439
37353265623363373966396138666535616130653034313430386463613531386166383933633466
33313832363438316666316437346166333165616261306330636135383366646439653466303338
64626536646164373136313734623365376435343063313430303332636538343933336237343935
33396232323762666366656564343537363662373637356434656231303432306233373765383436
31313934646161646434656536643038323537323935386163653731663361306531613031373063
62323537346531646266353265643762353738313762626333336334613039643464646662633464
36616132313331353462626335363265623035646431666635386630313738356162333663306465
34663936616263653739623131643066326532353137306235353861393939343464663532666233
37626165353965643166396262386461613962376361303062333865303432376162653339393465
30633162316435323039323165643363323636363535353763646161653830316461316333316634
63333937396332353030333464653363306534363164656638343763386439323634663639643564
31303938656634656132383432633665623331333635393434343136356439656262623965313132
64633239653632643531323561393037396230653637653031303435323066396233666439336365
30623735373662363364613937633762653035346464356333656234616461316662626239656433
34653534353236613633366134303433613830323538316636386334303838316136363566616266
32356434636632313466363939366530333033306436383734386333396430356539653164383635
34393131376535646466313963303536613563656665303232663862613761373832623630633864
34613132623264336333353165303263633631623337623361643935646633653235303431316331
30326364333561663333613431366664303334306236653565613133356331653933646339643634
61313632323662666430333066346130346234366565383535616335346664346362623766656538
37373061616434336666653431396331353565636530663731646136333731303539386436633434
61383536313834626439366134326134386362343761373563373565323735373739366237343765
39653965316366393537333932656234336232346162323532316432353561383365386564363939
31626534383135366436663463363731396562363261626633623030343565333835376539346536
33343533333061663865343130363064656633643334303130323333373137663032626361326663
39376666376464343731623532313839333537313266633934336339623362306639623661396266
35313833323638383032613365353266333939613539326562323933313864393535633338653363
30313966623737613238306530383261356535613366353032643062356530363833396237356435
31353736376532383133346566633862643763613831663335663763393338646633333236616637
66396332376431303036343261383131376466663134663732333963343266613139646261363932
64343132346661653432643334386439383533346662323434663830383565363564336364643631
36373032666464353434353461643565396163653865623666353466303531666638613239643332
35336538623932343438616338616532326131343933393534316630373430396136323164636133
35366466313461643062643163636361313932313562373036653732636164626265393861353962
63323431353137323133316334656261633433303939623366303536373838363335396163366131
62643865396234303234333365666530316337623662346430646331613234356232303366313365
62626533383430613966643463373734303235636332336436396465616636373735313464343562
64363836336235303638646664383231626662613533396434383636376465323239396336383937
35643831376530633161313830396336376335623437313462653534393133633533316139383134
36353865393739356336363164316465643638306161346438386565623961393863363535373064
30646465353536343565643862653863626362333837646230626165393539616435386436623330
33313834623831653161336535646462353366363034336465326331656636633531386132666531
36316535623333393465633131323436306364376232363963323163666164613461643231323833
34646233366662623732623439653836333466343165666537636435303961313532333331316134
64356566383137383630613762666538303130386132303138333039666464386335336361623635
38323362353832623137313362636231353832303861316633616334366537313031393436393962
31656237633164393934616538333035323234616164353731323339626365353465343764356435
39383465653666303662666534646333666365326461373362383465343339623763383339313363
63353265373464313931356436663131326439393335623430396631613230343062333031383630
61343864323632383238626635386166353630386336343834613931313035666130393234316666
30323765393439393338663530356237303365393062646630613965393439353836363865613936
62303466623638633461633034623935313866353739313434656464306537333633353662646130
32346363343235366561666630356230333031643562643133643364626537353339333034616231
36396365353566663965386134323037333765613530323830636365323638376162323966386132
31653239316338646536336233626364656562336333646266376264623863373835633761313635
633861396531643631383865656564303263
