$ANSIBLE_VAULT;1.1;AES256
30303566633965636636613639356162356336646462336338623366316235313130613763643332
6432626434633564383065346239346565363734363530620a373130393038323564616536633332
32616566396333303535623566663337646239666565633264303464313738613639626134336333
3234356434373835310a363466353565373831303735376665626534623138346362333366386633
64316239363562646661656638633432333333366462633735323436356265393161323365373533
61336437643231316665663034343431353438326262646363333530393963616336663633343933
63363863376138663466353065623962323234343166363666623530333338363463333238346564
35383336623839383436363832616339646537613339623532356661613564666430623438313834
35333561353933633461643665356138323764373436306330393732353937616233363065326435
33313163653332323465656631653262653439323731363532323930383661663637313039316338
61613166613766333931376536366364626666653039373631326537353938373430336338666637
37323839356131613335313935646262626366616335623833323339313362663430336561373962
66636265346162656134343063613639633566653533363932333463346466626131376333333463
32376632396633343566653934366266396364323064313137353030343938393638633566356133
65616638336261323137663264376431653165303039626534353935343563343334306363646238
65306336353561663765393936383037373766346638663630316437643861393935656561393261
65313831396639303035373938333465663933353765363332373466333961353235313239653061
65303266653030616666656633666636353166653133353137313637356430323236613434613339
62633639376436623736323435646338366162323932646436646465613461323366323934336430
36333138636435613630663731383465646463343762613930646130326161623836613034323136
33356231323633393366383666633562333435376364626563306366643739353366306435393338
64666137653235346539653161336162363937626636333235653366383033656338383032313033
62333465633463636466383164366135343334303834633939633635633235623565353332383232
34623134303739316636613364383435306632646365383361663737316133633261653030373665
32313330666631633533376136373339336563373435356136643361633762653238323938306139
36376263316339633433316265383433343865396532376132336432373861333261393238386635
63393335356537306561326635346262393531626365303663646437306161333662396132393138
32383363313534326361346163343966366166623536636333653733643365376333623862303466
62396439633761353663303765353764666364356436366631383332393436633831306339343734
39313762613435346166633832366665653834393837613830623135326330343232363961383464
34653837303730613331356139313838326164646264613232376362396335646330313564366163
62326331393935313164326635663135656162376132303432336334336330343463323162336365
62643462616565383430646430353633653537623137333138663262613139643366333464396261
32623932376231633333633466313439643034343335646566313538346631633038616364363436
63613265393134346266656531303835616264393230363830303935323666663731383136643663
36643837343234393366653463626165653731666362393466616139343439323566643235313839
31343730623163616130353066653063343333313231656330633835636132656236323866323963
38653836636337313930646363623430633764666136376264633737313336353562643439643531
61663034343865323764646566393961386637363361616333336133366638333238303562376435
31333761373364623463346564626463316136623630643362386131663531396233346538376531
62613531616565373533366362643735306562636631373964313438366361383137336432616161
38633131393634653234616136333533383463623530386238646364656261626233323461366136
66356530323166363138326538373331313963353165616637636135653466343563323439366233
35633838633165636530613665393937346230333863646632623933323861323964366234333335
65373139353937616437623434643137623661343433653330353836373835333131633162336432
61663464623338333864613039303462353562646161333061663163363032363532376539626330
35666261306435666233323239386462653334623834383661393037643961306335393664363965
37636463366439653562333532633437613565626635333531613539306437663038626664393264
35636532643963663734386636613932633335616331356234313361336135303663326263383864
39636138363237316539363635366466356432303663323931343737613662666136353762616265
30323264376264373231333032316534663961326262626638623035666631356665346235663061
35326338366331636264653535323738636332383539326365653166376562323466663136393234
32303333633133663662323266306364646139623162663139626564616534376266376531383961
66303130653065376561643865663939373732616462666235386238323334613434313136393431
36666135616166633466313664653264316533303962303762626462363331653531663530303931
30373466326238303331336265656439666665343832636331656166653136383138663164346365
65636566313132306433663662663565373433346535393666336639366235633362643633326335
38306235383238353063623135653263353034663836653564396332313831643336356633336133
62643130373766633232613031303335393134363831346163316163653766383936363563613831
63303766346464623533336433366232663563396333646435366264646132313263363661653261
39326331383063646631653663633165386362303738363431333262346363376538653832393033
62323430656361656566343637303164336263393062386465323066666438623764636439616131
61396261326535333434666363633161343265376430306565653337313838616464313338323564
38393662333932353731613833626132343536313164343330323232376464366635613236623732
33326165383861663839663033353136336637386234383835326262346139623932646631633434
34313637323861656439366666663736353237663233393461653038346563316234323930366138
63383433346362616236353735323863666464366636366565316339393933373961323763333632
63653061356666323736346134613164313831326566663533373532613037363333356461363434
37343763303336396534666436646332373839323564316232393037356162393236396638323536
38363731623532643436623136303037313465323339663334363239383330633038313635613966
34626566653931616533313034313433396161303037363637373364613439323132633333313531
64333661663530646338316664346465613936393036656462356135316265326535383936623661
38643034623563373630636632393939346235393131326236393236656465383161623435656266
64643734636635313735663664376165653338666639346633373834656331663365343638303538
34623837393963613465346533326138353330303038366163646637663938626438316532373665
63343634623765306536323037363735383031336532306666346439376564613338656165316364
33336430396433373162313436303666623430376337613564303630323033643863303365643963
32323333663430363536336538326133376531333936366633653165653263643563366239656532
31363164383961323762386638333138356436666336316532306434646164623563303537663363
39313432373531653239393835646166633161656164383563386233303061633734393563396662
34623332373132653831396131313833343762376138353932353761363938333233386436393433
32386530613738396564343664353636616437633338366638633536373933396438386432393030
66363266633335316365306130353263373030303036343432626436343339343335663866613736
38643033633632333765313837313365363166346661303538303037326234626335613338643765
63653934396635333639656333313837636436343766616161633361643935383731323062393861
35616138326566343336353565396435313961383334373463663936373639646134333538623632
62333637653761356631363238383634396532386539623735666531623931313637613764643362
30633638393861613665653938356536343539396237396463613036663832343665626532343562
33633664373961333439663730373932393735646161653065386139333064323463316666336536
65656131343632623066666336373433623536623433383738343137386438353065653865303138
30316363336561623866326637326532656432633937656135373764396539623433653538393464
66373539303432613761626566623233343166353066653434613165333862333666393631363131
65303831666533643839646564383537353464623933666132663331336130373464323634303064
34313862643261363836366165616532316264346163626566653635306133626537373036626631
62333131313662333239373063316337616564623761356438633434393933373865623334303963
38376464333832383730363837303134356563386635303164616365363466653334366465333865
37346432653738333634393933303566393861656536326134646238363763636530336132323066
65343362633030356261363431643831393762653738363761643333626639663136303233316537
37656563313663333932386466353564356530306566313966313233653334333264626462323433
62373132626234626432323632333933323562386335623361353736646638666431663831623633
35643239663733353937306561396561646165333235653736373066613966393862383761646637
62356430623931346130316366306261326164373034613862313033386361333761646163383663
39623636346162333236626431303366616262613863343866376361666531633164653035346165
61643931623764666231346531373961643964646633326534643538646161616563663936336433
65383661626230326163396236306435656338373165653338313232346230396438633564346564
38313839303636313436643531343361383735346234363330306538353437303536363434366131
33623436383637323262366561396334303038653162383062616239653236386462653535663361
65366138633435333666383435663335363461633030316437303036323332653861306331386236
31393564326430333135343035333366393534666634393633306164373665636633366637393730
37653732343964336635316165313963653763316262666438646137613564396438343934616232
39653536623264353466393033626535303331333031353130343036386632656364303835363366
36353735353537313736373938303732393264663731373961393432643564393830666434343636
65663639306362623031353438666262366337356164633763303666666563313363316336633264
61353361643033633965366537356439386134353066626135333061636664663834323336376435
65396430353864353932313735366233303636666635303037316164333631636239306536303865
31643664383938366436323566656662306565656165636361626263313330386234333236393435
39333661646538363433343063646530306266393832316665353630333432663433613563306430
30653531653562326532363864653633356134613733303632336366313561353639633831343731
64363236353633386631306530396362636435396461626263313734656339316439393935336465
63313430613436353234336632636332643463656566323032626532633231623535396631393162
36343735656637336465653433646132393732303933306139303837396533333039376133323535
61303630373638306133663164353962303137396333323334333233323632303564313634316664
65613938616339623865646363323263353162656531656436653331623739323636336632373664
36343237333733326131663738396332313837383733343137363563303631633937623231653938
66613633373438376138623036653065343462643432663735316163326166336465616563373934
66316538353730383134333265336239376231353566323939313737346663383665653032613665
37643261373964626235656361353761316465633631313865313138353930306264356436356331
62313266343932373666623834656239653333646163333961613632316562646235633936396538
35613462393163346436336633653564323066396635303461633430383638346564353136636338
36636562313935326132303565363762386162653136383539633731393933623334396338373562
61626231363861613832663061363561343735636633316535323262376630616337613961626262
61623766376431363361323466653665303563303363353739626362666631666532326230383164
35306161643233386138343366346264316339376338646464363466366130393732616231343864
62653337633864373161373265313735613831306439653031616661623332653039623830313166
30316637643161383139396663346264356461613961313732396462333562383361386239353038
64646632613764616632316635303735623666363730386138323065323637323231376630346337
64643264313936303136353631376664623561373438313565616237623236633930316265356434
39623530303137323937373831393334306637383739643539613262396330613935663334383763
35333861643264306266353265633533643536303763323733613866333032316366623436376238
39613964653932373736396535353434353836393732313336616463353333376665393065653161
30633137666437306237313036663634386165343764666566666365356435333764646431626137
66393835383234386533666465616334633561356631336435316232363130353334663935353161
33653634363166323836636335326334356136316262306166666463613234663266363561356436
64376332313366326662303963613438353932636430656631303134613833626232633137373635
36316237303630306164373733333631336264396666326538626666363236626438646133316435
65316466316332663336376333383865363132336339643932336137646531363937393562393536
66393737626166306133633734346337663936373137383631393038653363366263616135356236
63396330313564303732303236326631366433356233343938363861346332373865313433333738
33393864636639613661333633373334313633323138376362313963333438353662366231393163
37663462633732343837623466313430393233653535646433393735623864633665633763323239
33643863383035343034383733343531336662343161336630643132623333333665303463376537
36383233616465663832356161313536396165373064356131383338396461643263386238343338
37313738316566663066633065663261383563616338656136623533376430626264393632643363
64623863366339666235396237356166616663363361383637356264663863313133616663376566
34323538653763333761376462633532336562336131373865303039363339383866666134383932
65386237613739333431623733646462616562343630343862363633306266306532333530363033
63356332633133343530356436656265653835316338303037643233386161363663366336306630
38393761376136336533383334313563313861323332643462633431643236636637643830663636
30636232353965303765613561653866656538663131396530343661313136653733613933376663
64346663316133666366366437346265306533653232346137393435386466643931656461613830
33373332303365383235633864303038623138343930643630336565363065353362316233663834
63353034616263316363366535616631323035353132323036333762386436623961336434323138
35393663316235633134346663363165393639346664633030366639353830633464656264313766
30336639336433643530616133613761343161663264636337643865323866326365616632303830
36633039363466643561326139633261383937623466613738383166373137326363396237343839
35353137626361643231393263353236653636636533666162646135333932646235646564356536
39323730386363636365363666613163623961336237616465613932366534303937363430393138
39336636376230303763353131653636366637323036656431313634383631343965323964356461
62613264616633326332646364313235313333326331373464393661333562623038626336306636
35613232393035316335366436353234633330373763646161306139306561623831306163633830
36323438653539383862613562323639653735373563386231633732653765303335383363653464
31633635386466363532333034393434346665316361353430356135623732373537313762326433
3138
