$ANSIBLE_VAULT;1.1;AES256
38613563373936353363636638323330373632353735613032613336623531356562353063323464
3166393839336561316339353431333164303631353939360a383936323035346636313634626164
34346239383261393933613032383361623036663133393232373164363562343363663838323535
3465643034343137390a336438663038393863643238383465363434386264643063306634353534
37363761373763646135366332333461343064613237626535366435636535326465313461613736
34353035303062373637663261373033323764393166336537613730646262623232383137373466
63333136626530356362656164363636373839306231643639646366366233653061386266346632
35326664383664363936323961663130636134316563383238353162306264393536303738393430
63343462333163643635376630616137373137323562393736653432363763663164303831363630
65356366353136366334643237653238333738613630336237306361303564376465613738316139
39626130313466643439396232616364666665376665303034323466396130636236666139633035
64393834616231313264333662336237643032633563346239383036386133643139653737366530
39306539626530626131653238616630613438663238656363666532376336626366366532366535
62323632356566383938373065383937613230336133363032393038646233366134343261393062
63376131626133623062616163623536353233333430333232393734363133623839356532623135
33323364666433326364616361663636383966643066623235393631353331666336643536303361
61366336646361373431346365653065313236613939626138363937373231643232313261383663
33666161346432646264366335613034653061303665373837336264306230306366363130353265
61353832393736386337626432316432353538653235643337383036373935623361663531393066
35356137373636653037343536343733646631393261363539323461306336616163356262333533
63356565306130393137626339343838636531656462613230313436396139386165636433353430
37356639613734653930303864313536313862396534633965333762356161396138383262326439
36343566326236313830366261303765303165613632633338613732346432393765653934383364
39376164373063353437336438653865363239353133373537356332303865666230346564346437
35663937303634323439396136323139393333663239633765643161633734313263363937623334
34643262663830646665393031343964343636393961363537316235626161303761646563623561
31633265656536323264323831356330383162623737323131646233376233633236303265316564
63343165323762616664383862363437333932666337626164383230373138313530633939353939
37633061306336363938333133383766333666663538626333313434626635613030393265363734
37376462633838646138333366303438663332643237616661626137326632313834303036623636
35363761646566333237363763643962376633643564653061383535376663353337333161623037
63356430626265366130346364323461383639613836376265616665323239346364643335373538
30353432386435656463313430663733613161306136383234636263373864646136
