$ANSIBLE_VAULT;1.1;AES256
30626339373831626236376633346134626437666437396566363235386238623062626564653735
3836616262623434373839633337353835666362306566370a353765663737323838653264343866
35653733383664343663313033353630386637643066313834343137653263303839346564343733
3139386230353364630a373637323832653237366264393461663765333061663532306465653435
63343430383231386364303235383662623132376362383737396431343538373866643139303763
39616465336532613864646630316163343161383833346132373964613534323732316564333234
30393565343439313238663439623234643761626233636339653264303461326637663965326665
63316135623933316663376363376534346433386165343934646631353630323239303236616637
38336665373830316362386334626562623830353637616136646635376166353362353139613336
36383934663662396135383233616330643531663535656538343161613764623135613361653061
30656161313333663539343934616364353234396331306432643732653265356237636665633665
32653162663264313536343432356664646638346361373062633231356466313365616338383637
31316266643961343832356663333731613433626166633964326265353530363334333033323338
32316238646432323866666565366266313038613130663930346336613564376334653066333932
33393834653330623037303763333964643265613234386230346338633832613837366461386631
66373736613061396438616135613463666564663362636264663562646339663235383961306262
36313064353436323361653065663031396263346263363337616436393563613465383265643165
33666138306334363037623637663738376431643737626237623762303638346131326639656430
32666437383664313933623239316532663538366531636139306262376533343061666661653637
35353065636433373932633533353261643632613863306265346265353364653666623338346333
31313961633034363635333635303336626539656235303235616634646539356165343666353237
37623137313637666266643665353865623436323165663939633632613332616134653963653538
32376232363165653233653964633834353135333035336361393132333632393661623533643965
32623763363161383861393439646435643235653335333630623837373263356165366163636138
61643863663039396538366539646664653364353237383839386533346438343434353934626534
33343931386662373362333162353630316533633864316434663462653036613231376464656339
35623864323238333835316566636332373532356239656161613966633262346463383130353031
39646632393435353233376137616130646535623134653531363937353165313537326534393238
30353030353361376164613538366161653837313739373531623163646361323564326265373133
61353964656237343236343961303636633662653662326434356338303032663565663337613835
63646362393637323462303566343737333933656261343666393637366439363535626130386362
39616331333636396265393332393234363962346139633462313162666434623337623737343431
62333733373862643137653938386437626636363939303337323233633734316133393765353864
61636461333663353332336138623130386165353762316561373931616265633435303661353738
38373461653432393838613230616365383931353637633535613063616433303635316531626233
65343966306262646534396463356135356535643335653063613631656165316165623534323965
37333364373932653564636538373837336439306362383966623765306236396332363836653662
61626565366537636233396664313662623238316232666533646234323562373834636361333537
62376663303265653965373564333964323938316230346238666463393765636564383666303035
39303365666261613366646132363932623834356664323135396138393733626534313130613836
32633765336533653766383032333331376332613266343937656439356139303837666637666365
61353331326361613836356463616639623662633664393434663762636334386539393739353137
66383334356335353863346162316339376439653762363466653839653865383639373537343434
30353833386161386161356464616164316232306163373939363563306239343263396632666231
30616536303533393231623265343564643466373030616235396235653563333538313837313934
66366136613364386162356464653739633239643831356332616365323765333239343739636364
62333265393464373235653033336136363437616338346562643935353637363132336433323663
32343465323262393065323464353762383061653466366364633539353537383163356335373230
61643438653333353736323137633666393065366363393832333537393134633461366461633937
31663035363035306532333061306630613938386633303062333035623564316462356363636237
66633635663933656363313535643638333237353862386435393937326636376135613139316239
66323235316166373034633264303863656631376534663736336666643838633139393330366466
39326338663331383261383038346532343431313532646634623063326234313437316634393633
33376665643836313163373261323762366262666337373137366139393161313639353464626134
30396663383762623331373465613132343030653232633930663266656333316231386364646431
65346334373836323261346533623438326630343733366636363830633533633061376664646236
33393431663830313331303435336663333061616338623433333335636134366334653663376364
39383666326665613236313161396439643831313262373032376532313936643632343763343934
63363161623766353962663864653339356635333466326661373437336237616666386434383633
31363964386330373633323533656131643633633463616632303965326263353835666464333936
64633365623832336538383164313832316465313261383364393232643864376666653237663231
64333432336430333163383763333862393930346261383162306166363066303736636132333230
65333239633164633465376134373534623236313636306431303632316365396464663465613734
37643338383235306136633030396661376161396566623663373263383036616334653631373737
34316666623864666463636361373466656333653666653038313164326237663966363636663837
64636139383864623337613639643135326532333664623766383133393366393237353064626432
62336539323461616134363231616136633134306165613163326532616133313938393761333437
38323663653361313133656263383239353263666638303162363664396534363763363861316135
66316434396334616130313038333033396138376238383436636535343237373965373939386462
39303365633237373234306265383439643734313865643637323434633533623738343265346233
33303333343866346365343739663636666664333232623164636134623061336231386330316537
63376435336663356562636237656235616439396361303132383836666637393939343563636166
62393963623032356531333865333538646431363637333663323835653838623464353532326438
34323566333536393834663562356333366236646533313866653032356264306331613934643434
32626430363933643062303739353137383066386333326562353666313565326463653862643633
66633837626464643363353630363533326330383838616130613361386436386431333539356231
35636230393362353962396561333533323565353333623639366437656564393161663432616637
36663539333337663163353636343638323265616438366565316562303461333663366239666231
63383263373631613834393831393931333938336166356230363162636532316539646535633631
32653337333839303835373665383065303933613362363337636639356366363836663965366138
61653066373238316534616236383732616265633065326665626266303564616135653931633632
31646137316161333335333563363139346638353864636161643666316638343638646231336263
34643936373234386266663036353436363464313930663662353037346161303737393231373063
34306265643661343463383936313864313561316135326436643964633165626230336539316635
35653963373930613731623564623137653366656135363332346636643135306561653135303362
35626537646439306161313166393032386535633836313865343563623136656635346466363764
38643065643334656132306234363366636665363233303637643264313761393166613566656564
66353037643130383630393463313666336537623330316662616633373131656463663062316634
30303034616433393666303737666465643031343137303735373436366266363438323363393230
64383163306561636230393332303332396562646161366236376265326231373235366234643330
36643164373931646133323233366533353038653433333266346465323561333630633338333238
34623538313365386265373038613535663539356339303437636334373932663638326530376266
30633030356535663064356461663032393565623333326366386331326531366463336631613466
35343866336565306533626365333732353939336639316161646536373333333733653136616334
34643064613639613534396166343365303531323264383733666336616637626566633032626439
36643762353865646234666161393135633633326663356137333431386662363031323465313663
62653138356266323862316261343030306532383434303531636338303164663361646666326332
61623936656562626132646638646239633965613035313163623536653262616430623737366233
65303438393761343937313164396332326363343838393463613132663138663731643339343430
30353765646535623265336231636566643261306133356333383932626366633466353936343962
31623937303264373865353965316165343236396234326332656363333037663639323862643936
62363162623733633136376331383039313339626361343962343064633835636633316230333766
38393463336439636632346261653533373339653633653462373063613766303536623434323537
65353738373264636139383466396432396139653161386536663838663837366331663561393163
32386632616362353330336237376138646332323462333139653939396133636164613039313536
34666265366437356334626331356531313732663730356565626534303863646536616131313739
39343237366137373635646535313065613931663234616338333634656637373935396334663234
31383634393562626163346262366637303333636530326236656637626466343734376162333936
31346364333161326432386466616662613635373134666436663139376630373934316161333032
37653162376662383839633738326164653738646466343432363965396233646265313331393862
31373666396134383232646337356337646664653236326336326136633339386666613735633661
39326663333139656336663335353834663466306533633131616330363363636462613035666461
39663339616161333830393263613635303631323738656366366332333362376130653536633336
30393966613738323733346630343237653639316633353732356333636466386238353539613262
31626138306636623734666332643238396233323038303936333335336639313433383934643339
38343061626633363032326137366562303761396661356133343666376431353532383236333965
65643435323962313437623266346435376335346231303663656136333234376530386263393334
65353734663565323637313138366535373835373634356466653430616332613435633332343436
62376638343066633063303737346462653636656463316331346564363063326164373139646464
62316637643637333930333830353737353963303466353832323731653963356237633633376463
65336334303563363766616538386535333830613334653462623931636363643434346538366665
34643665303464353564376635623265666431346438346139396631646263323739646339623665
61663439323866643733646265316139643436353565383438373761646366613164663735383062
34353435323864666564343239663064393335316338306233643933323739316266626532386633
38343733653364343266663635353734343463353534626139316361363164313539343164616132
37636363316565626533383639616462303465363635383864653761653965303239613938613664
38323666643334616135663135386539316431633738646661636261333636633934313835306536
61313031303061616434396337393331663331626534633565376431353134393534366663383162
34333132346135626664373537363732656661643039653632663238353738333265386562663233
34323133323666353461363962613338626538653765363664336662363838326162383139666133
34363039643764323335346165383363393364323438633333616462373061303836343638613265
33393930656438383932653135633261656536313966643630353632363237393762333432653937
36373032333763323330376137653737306461353938383465306532343234396131633737313364
6138666166343136353965313331656637666165626436643237
