$ANSIBLE_VAULT;1.1;AES256
37376130333339386434616639323537336433613335346361393961623439343631333539303033
3764366533653832626366633034613630633631306165310a386430616632653530333937663837
66313130643463353131663339383732353938623437336139643464363430356466656463636330
3266333636373539350a666331313238623932353265663331636562666530613234656531303864
37373333663663613065653866626539646232343435613362323537393135636161623733323963
35653230343530323662326263353333343231666539623531336534616464386336323636666234
61346132363266303838343131626334316166666634633736373736613939353932653762323437
64633533313934336635363861346136663865366434393830306665646634393662346262623063
34653338313462343733643230336637363462303437623434633864383738646234343061613963
33336130323533646261333066336666626166633234393838373465626438376461346562656463
35373738313430363638373531623061353334316361323062656630303931323832386364336562
30323064353539323530343162343632666636393733393333633131663033333932366431376166
38663665353366653239326338616435316234616665623062363336636563656230636235363431
32373735386237663662376566366335323133343934326138326163356664666262353836326137
66383862396431336263373366383336366262663961636265353036336366333534323865396663
33333633653566366262636563373561373364306562316434356466666137663733336262636565
65346533646464363162613734363231393461626464346135326132316265316531356535323366
62383635663730656266313730363438316662396565623362363935306533313737653064643466
65323339313364323834326338376132323439396133393834646534383336663332643430653365
62613236366464656233333837363864663232636661343466616162346534333732636635613663
35656430653530626564383862643039336465306638366631346238336361356233353466376335
36373531613439356665346335383932316131663735646162666235613661656136636636396562
33396234386334613638626361333136656536303930373863623362313137343030333438346562
39323835363035343237613139353661366165626366666130346138643066653562626565383135
3232
