$ANSIBLE_VAULT;1.1;AES256
39376338613239656535373933383337343538393363346636323537623665386565333730666230
3235326430623439363164363237303432636565633365320a353466323239633861653666653337
37323138393136623237373537633438356336353665663662623966643961663632393334333661
3862396263656133320a306265656666363265373538353831333066663630376363343337303262
32303465656439663734383630623263353366613537323535353266373566343037643562376534
63386238633837383865376338313334363764636230396337613331326533303264626232376532
65393733333466303861616530386131663261353364316238306161323461613830393838393238
37303831363433333435373861313335323331363032346132663839333737626639663564373433
38373530353965636336336535623964306430636237666162313764313631623838633863623737
35626130666237336364313535313639643333386363386530356433343939333063306233646630
30643033373634336234333561633334396233656632643030333666376338393636663630663134
33633038373130376332383763346161343235643539346239303061663832613464303561323739
33643466333363386633343937323861326632363862633664303266336365353835396538396232
32353439613265383638623230313931323534376162346432386561303337636365316663663534
35343963653131306465373965323531663064613131346563613431393336636235326565613463
38623038623564393238316364343766346630383339343834303132393062353062336462346534
64653530396362643430356661646432376663363530306663336434383832306666613963653335
66666161663536316133303965663937626265303839643062336265306561333430396232356232
37643331643639663561626261393937616436643437313665373932356262653433353662383037
38393166333861643434396435393735623562643537333036306364376234616530623735613132
34306163306234623635346230333232626439643133333231363365346231303839646262353532
35326564393338333935376131326131356563616630313961663635323738663436313432393836
38343965346531343666393366666138363030303236306132626664303739383039313537313164
31356135653561656139643963613430643439373564316662323839393862663035346331356234
62643539636666653464303265343737326231363064666163333461613932333963626238306534
66323934643837313737333066393334666135353662633635626130313966333333346536376237
65393135666335653361323631316635383865343434356562623061333362663837383637326362
31356432393235313835303164373435323637363262363261343035653063313634353738623965
30626231306232666363356134393335663039343763383839323764616530316435386365626330
39303463373964643834326165656363623136353232316337393739323634646632626534643239
39623534646438623932363734366232636564316534643635616264633164663235353266326338
61306433666438633833343434303365646432313565336137376364666633626465663864616139
6337
