$ANSIBLE_VAULT;1.1;AES256
33326138373865306634323161643766613636306135343136393064653139303632343137373238
3039386266626533393161353861656466613535373339350a616661643139366434633931363362
38656131303465656331663036383134333036643066346663393561336363353735626330373234
6138323134333762360a366431333863663232363334666330376166303935376239376630316632
62366135333664306534313832366664353237373732656134626361363937373039333664333339
30383563646533333330643065666136623866303565343734613732383165316536343031613965
63306631313365666132396634303364623436333838643334313231663237303938383039663536
61393031616564646130363837666566356134663238373261326534323939313565323364373961
65643533656430336131323831653635653764666365396665353230353561386634646134396663
38616164306133386264386362356532373734323662373362373735316363323465353864636266
64353861323338386161333037373436336266383964616533636338623162306562393162623834
63386532363931303535376631346631306634323861653834653234616666306136363133346333
31323430363666303062333265633739353833356664306430623030346664373932373032613338
66393931326136313162643639363131386166373631623664373236366639313836306331653436
30343265306132646232643237643036333232386238623861366161623131633936396437643838
61643831383636353038663638346262356165666233316535656362383666363365343866376166
37316335363766353436326531383132303435376464363065656134303662386630613533353931
36336265373063343833323336303632373438373838343762666562323564393736306236386263
65353365353631363863613334376265306137666436643438336436386266376661636439653037
65303238613765643565306333343865356466353565333739343437616431396563386566616439
31363134313239373964353862663139656464376231373337353930393934373636626530316261
61333265633962366265393465393531363134363638346265616435383266633138383764323836
62376666376332646132313335396665643439386430636233383330306337373962663163333737
37373732616530666362396331303135323165383566393030646666313566633738326336333239
61626561383239376538626461613833643037333461653238643461383133383036613232613766
66643135623934663839303231636464303831333339323864626262343263626161663638386662
61626133643239396161393738393533386262326336376632306362356534376235623166373338
32376632386534313530623637666536303931666233653634623836383933666337336538386162
37656539373262393339316539363566643237393933643539393034656233376331366264623165
64633236656436623831396532373464373166613633383836343935646436666432376264313030
37313735623430373939313465663765616632633261353431323936393966393465323633343237
36653633306166653061393162366364343430666637383661383962343134356238666662616631
31333934363565343963396638613331383066376365313337653138366662656363383039363437
32333262333238393233653466323932643931353139376466306337346262393863363566666634
64383035656562633534303736316432306332613334363934663232316539643033366361623131
30636164616663636133333765636630653961373162313561366431623566323563326333356261
38666365616362616533666230366531666439613337653635303763356231326565643766613436
39333837373461313133333134613863326633366232333665383737346365653261373632323161
38333263383032633164323361333034363131326662643730393834366233633638633764626265
66636334353461666264633937363632313537636233653561666533303339336265326164626164
30616436303530343934663164323032616338363636656235343466646562623939633063393766
36613662616231396133353236616565303632623536643736396363323965306432653831313634
64643337313538383939303866623365636432633434666365346632303166333362636663663839
38383239626461303761396562633164346330396266623538636566343039623533653863373063
39326462376533666266623936373937623234356130653065323462646337326436393432323763
61386635303634313238386634363531363938643561303337623961333936383965633763306233
36343933333532373435346237343062336430626266393237666661323933626366333536393162
39373363643532373030643133396530656439383166623337353064633839376633383839326663
37353634336130376133633836396437353930393133636637383436366261623763616535666436
37613062366663303261333835666135396437343237303034626564333339313637343536323762
33303433383839623365613634376366373465306265346364343066643738383232663439623636
34353238323230616163373937656632376564616332623331666332353236656638316265393463
38333364386665333766633935613134626537613862636666306238336634636562323062333464
39366636343539663962656262333761383336356363363032643338623539653739373033396631
63626337396364616436323837363235313138326236333138656661323430656234396463343665
36666463323132643437336230316461643464366535313538313964333835346130373562626663
65363366323438326165303832343365646635663536653933626135653766663461636665343265
66663834633032313637646232303039643166316261663633343635373565303533643935313765
30663132353234343731393166663933376437343233313562663132643863636661323139373838
33623863653932353330613837343164653331633638663162343538653862653035373433323939
62373762353264353434623433633939373564313862303936653335616665393166646566636265
64356533336531653763343232333539333662313734396232383436386138613161346566623136
65636533646136346362363238303038316434336163333662326332313337316366643366353664
37353963363366313731333466616338333635383463353332303036613438636237643962376563
63623532656562373035613865366636613531313164356539363530333436376332306163653164
36363165653633333430393939383562376237633731633137346563373939363732653466653064
37626336666165653335643833653338653062653762306138363464313032616535663336306531
38643834663064343664383831333265386337623763633464343537643539313331393236343961
39646132383639643135386365633730643862643130656531363364393365303337656266636632
37326635626561373736363234626161346564653436373038313565366566303465333030333133
61353761303066306130323331323538346331613234663032633435366634323864356136363636
65313333353165656233666233333739663331366134663064653438633230383862646666666666
65316165663062653534326439646637346434333664636232646237656238303931373732643231
64386263356637393835653566366563653839393131616237353963333261306363623832323930
37383832356461656333666330383661366437326466373436313763373162353133626263333733
63343932363964653538313162643930623365393964636262303336306531633832623265623565
66323561666239633964376631643131663964323865333830663066626266623766313562356261
36363764386364353264646234636332646435373065633034333562383237373732653437353665
62616166393938343765346563386237616461306663376338613765663634383935383365653335
37353336333566643534363530306333363637636332656432326637623335663731666563633130
66366238316438396339653732623439323862626436316666633434393763373430353939343038
38343137396566653735343837323263353535633738396263343664643865346134343033303861
30643132663565663632393733353963373736363265303730643164343764616335356435646661
39383230356139333534393939613435363738396561656362613865646466396662313232376465
63623433386636323731616664343864353032666266663461623362353433663838616236386233
35363665356332353564313366326435373165333533326364396133363262353931313066373239
32643739633636313334633539366565633335343930353732363463643664326562333339653531
30393638383339653635653537643238616538613936653835306130386464623337626431666231
34613339303264666232333463353462343431363066613665316439653362353539623161393633
36626137663561363737323430363436353035323861326137363731633533356431393338653238
32616539386335663630313132373035636664323661343531336435366635323638663237353666
62656232666461636431633635346238363763393165613334323839316138396236313961303137
35323163366164316266646561366466396161313233393232363938386631323366336634383065
61393165333635613266393064353332366237626535343261653234366162636161313965663536
39303666303865376633393737313165326239336332616533613238306535633430623330626433
32363063393762363265636638383233393030373263656635306432343663653833396162396538
62386237313936333865333632363835313964616337653863396662613334363365376439386464
61353234663031306237646335363633313932363961313138623030333336353135313434393134
63313133663362633262363838346432393262303662393130376131303837333163656136336231
38633734663138633861653834353533653766626663326537306437383662373165666336653466
36646636336630336231333861636439653265313436623438626237393332306136356265333863
39323735616166366566626134663365323033383066326364646636626436643365333135616330
31383734383066636233666433613162616533303862383461383530653635633832343236633032
31633264613530363362376463313438353563313164316430336436316561326338393839653332
36363631373237313963326136316231646563316632313365626633393963373463356164613863
34666562626136386135653566356262386632613335633230383966333762363866363234646231
34356333373762326237656634383534656431613934353936633233303739313538306438333064
38656432633962316439343238623366663137396366623035336131373936343933656230376136
38303130626134323038663134376266643637313036633939303461323931383236333237373638
38306663366531343662386437323062353634313631613636663237323463343134336336313265
34333531313866646333653835356462313638383336623030386239316562316436376637366635
65623763636633386133626132646363643737613766343436633663373136613136633266333735
37383839626534393666313562656230396337633563343334383338383135353562623831363163
66376533346338323330373637633364303538323861373139366639653965623139376264373662
37313134626332366362323434316362333161306464333765353638656363323131656636323163
38633839633832613738333132663233313262353637323035653463346637616662633232333039
63313561613632376261636665616435383064376564623637663265663934653262643862636131
34333232633937346163393432366137363638643063376339656532303234383861663230306133
65383832646435366136376662346633633436643761626438353638616461303031333733336639
63306430643632386230383063666334623331383737316536363631663436393861326435666165
64666562363535376630643034623730393062663639636233663632396536393162623631643134
61656364373336316633363831326162316464663737313435623231316633656635393234613466
33356463633863363636663861663338356232313365663766356137386563653938373131353739
39653066656230346338303233353639633564356165373461366663376432306562363464663536
36346337366564383166383630376337633936363937656535333836373463393537383966306435
36643230343530613931623432353536623336633038653334376563646663316432303630323432
63633464393463653030353535363264613864663430626531623965353661323834626331626131
39393266663965616366316130396261613861663630663961666433396161636534623534323765
36383562663261623335336634383263363038343838313464393063663632356333373731343466
61356539386463376532393539353364366165396265366261643231373165356265663366396134
37653463396237613162636434616466356634663465393561393836353039646130633761363862
39386563333039323366336337353365656336663530373138333735353339386663383337623033
30383766653239366664626536666364363561386665316234386339623332356465316364633430
32366433666533333966313934323037666539643464393334633339366462393966326336653936
31346634636166363161663964636639316539336234653831373032383731326438343431623032
35316662316134643862336365316336643761386132303939306562313862373235356636376562
35303838366137616630663362373363303937633664623465373932343435336438653538333866
36323234356664373231353738303566316165353965663032653630336561396363626665393334
65386364376438373464633539316163326439646230383732666437363438643262386131376131
37373766393736643062636163356266633834363739343033313261623631623236323231333363
36616437613365303039633236663435323731616361666431323732623134643366323463376561
38306333626230396536663033313763323663623031383863316264356233336266333862363565
34336137303062653437656166656165383034386235656135666562336162376633373534636535
66346238653635663338316231663732343661663964363935316431633563653331623965316532
64356237633438636434313739366232393362323934313531323531306537386363393438633661
62376163656632353436333434363931663832656433353066636163636663666633336464623638
37393235336535666366666466633365353865333931376661356538313934353261613561333736
66326536326366666331636235353537613730386438393835363963333562656239346166643435
33353564623039633061616335363032323534646135653433343963326637653533623465663332
62353866646163303437376166363764363362326635626263663433663435633730376264643331
62646664653435383831366139363831303739643634303232373165323661323162613965363439
39613737346562356164376132313434356536633534326539326237663662376562376631626138
30366135643266656232303637616436616530323061616238363636653230396436396165613761
34353366326230333833663261396565343431336232346233323364646262333964623263643930
64393037666536343933303864393564663033616530316137316362346166383363376231626430
30393731373463623962653930613731383239313364326131363035383632356462346365323363
64343235373931616532386166313530666463613934636635653533646435383731376136356435
34616239666136326135646565353735326436356162313430323038613930323533343232353536
30616434343366363330356132396531643833333865393935613437376532633866656134366438
30323634636630373463656434303730336663353061646131396666666139366364346165333533
37343134653334336364623862643561303164393734643662396262343666383034633239333732
61343631623036363566633331303230666438653039303566306462616539383136316636386263
39373734336133336663663635663336336566343731613765353432626432643039303536356465
35383036646139313530333633383931613262666632336439323431343137663966366434306266
36376464633763633939666134356137333062316637343265616130313863633161623830643766
32313266366337363239313237323530333433633430623634353862363464626338303438323833
32613862643066633134313064656661363334386433383863326162356266613038323738396431
39393136663962326232663037633831306364663631306365336434386134616266646234356634
35323862393762613337326435663135393162313762363438373838663934326630636466643261
64356139346436336433363535326461623866346235653434363165363339326639303331333738
66363431613439333234343436336138346336323038333463393032613936383231393938353933
65666139333162346431383130653865616434656239646539666362353035343038633732333661
31353061666234636233373133316135653661623633353066383932326335386334
