$ANSIBLE_VAULT;1.1;AES256
31356231326537633531366665313533636562653163623332356634393962346539393165363162
3738376132396632373637663166616166666438633065350a623339366230336632373833636433
62396632356139373164376435346531643466336265383466663332393863623634666537303435
3861393137626163640a633333383731343064363636306666333432316132633332366231376632
32386361643633356564643139653163376432343736356532373663316166613239633530303731
61336562393064353736633635613763373830653530656134636239393863333432613635386564
65393331363737363536366265346632323336303831646462333430636264626533326135366330
31343063396239356364323439313532343537663031366566336361393334623439653030323736
30653630666663643266663639356639303430623336323838643339306238353435656536396463
34636238636563376662623461636235653631613165366365323766323233636231326661613038
35373265333438333530386538333838383463353762336538373964663537303465316331316364
62323363343930623634393830396363333239363262333731623865633731616465613130336361
33326131396664666538343762356238376661306665653963343464656338336362316339613731
33326662623766636630616261633139663939656665336533623163316562346535306435643166
63313462653561666436303832663130616331626564306431346536376134643364356166306265
36646165313938333434376433646434636439356563326464626634306331633633316365396566
30303330303132613632636462626631366232373137653065363836623665616262323262306364
33336537333332353633386333653837323231623065373965396531323133336634363236323932
32383837353237616661386230373865666465313466316366353864653938336462303337346332
37646365663132363133653736306639303336333637383361653930363234653238346537613733
65333065646539636633333735663739313636323631623534666164666636653836373533653936
61643037356261366330666431376266356338646230633464616132346564643936383331333936
66346261383736613266616432646334393035333465643431366433353937363834323665333133
62313136616334383030643230626265346630643437653239346264373332303735316533653039
66383130643466386363616465356466636663666461613038363531613537633339313137323234
31323565663434353735343238326464353235353862633463653833373634616261653934393365
34376365343131336239623561656432373464363736386234636162316361303132326133366437
35666331666363336437663963333361663238366334316634356363336163333236343739363863
39613334336336333537386465323861616265616636333364316135376238343333326366313032
34313630616363613966373166353262383032613039383763343032616664313430613539643164
32623365396364613261353764666236383062646139653363666264326130643539376134613337
33376237303838383337313436313835326431353965363838653265386239613630326232613130
34336463373832626430363235383033373038633433316537613430663331623665373137666434
63626330373639663835626436386237653431333862346362393136613233663962633236633738
65323634643636363463376635363062666539386238393936323138383937396265326235646161
37323431656338366330363363323361316439656265623931336266643135366538386239383037
62636334393063353166636462643662616131653262626666366335306334653866653664643430
31646239626662623736323838663464313939666231363930323737393233613061643930626635
31613438323961336633626639313235653533303666653130646261313064373132643964396265
66383666366538373339623864623464373465386264353762636236656538373939333430646364
62613363366231343562663437343936313965643438363933366262656561396131343535343235
39373435313933646666383033376539636166356439333666386335366439343164373033633732
64633531373962383239656261643763346665393035653330363437386437396130343938626366
35336665343538633062336636616161633135643465646635336562383165393632363762396466
33373938646536353166316438383762643831613134393333383663333564313763343039653231
66366334306431356431323163396138353235363765666635653630396637363265343031666631
34336237393664383264633039386230656537643761326636353863623430616638376566346636
37663163626664636633653138333034396263333164343162646663623035326562363262303136
37306166356239326163653466363635363362316164306632643565306634306536386138303930
35303761326463383535613662363332326436306239323138323537306462626164636635613466
64326634303732313330313764343138353530393934643938636362363961313030623064343431
64373662313334343833666131303338653530373666393461386135383866313633613139613134
65393233343335616130613961316631303162613665363337333138336433336565653138613866
33643761366263356239303939366463663036386631653863363237653762666466633532313561
63616137363566616338376538616166353933643735383230623162303030383838323233343832
30386335656165643563343933363432663336313434653063386138383866343234653465393033
30316537623763643533623366653436323730663532633133313535646363373037383939633732
62376562623162383461316234356661653334626535323338643438343434396239356637383133
30643264393437313130623535643464363861666431333530316566383332633731633539653330
61353062363935323137313164383635373736636166326563653465316261386331333630663265
36616135643537646563396666636133323939393339353133366234373139623039636665646139
35633833386536316431656134613130313633646261663262316439323938306339353433366438
34346439333931306539653662333130323439643032646335343963346131613366323532613463
65646239366363376232323061313139393336303865303838656264623733383238346663643633
36363238363633636265633034666461363161363432613535633734306135383165343437633436
39653562303963633563366639653963643238326332663231643532643538663263663736316637
62353832356132316165363261616235303238386331306136376361343336636534373066616637
36666236396564653166303231616561646666653736643535346363326631343230323235386266
38306232313963346434353134326531333230383266376361363639613839386234313337393035
32333631613737303864323838636233626663353431373836386339633539383130376630313133
36663766383930663735623630333332393234353634333634646331633363666434316639663762
62623138636539663032613166316538356163346361343933303461643265663035356266343533
62316436383961343166316261346137623634383736313831356232666332613231336132363137
62356333653635613461336333393639616263663864646162396434316462386663356533373931
65613233616331393032656135313733363631356339646138326365333731333637373561346164
35636237663330323464363436306566386432386231613466623831333836623332323364393038
33396232656431623433633832303364636637376432666235656231313332306161353863363664
62343265353837656337613963393439376631346164313937306332343865383263633461303330
66633439356662343939366335313236663864623137636366326365376631393335363638376365
66656564336463336137323132343438633832373334656639666132643330313234316437323033
37633731323338316465373230643761323363383538666433363066663865303261376466386437
38616635636562356232373036643033643435633365633234396163393835356637303030653839
66343565376235366662356538303735333964653136663831636538666638363034363931313538
61343763366131346137323636383462653833626331373065373439363732313263633030383061
38366330656164633038383764666665346533303839336533313865326134353234326563303037
35633233333131303063363532646537303266623435656161363736616336313233363263323665
61313134353130303832383364303230613736633363663639373965313066613437623838653132
30336161306465383932343162613234623932303666616335343166636434303061393232663762
35313965623462623331323834336661336266323731656239366638353537326131366438663266
61613562356532653538356265363532613063323633626433613035333238633965616138643538
64386637323035356632353762393535653566333561343834326336383339303561616338383736
63643630346534353364633632393762326436643039373935313536383065623131363132366261
39646336616265383534336266313662366339363634613739393264396638356333393739326264
34633930363563303861316633666632313239616362393765656364623232386166336330326631
62373563393334336137623663373331613031626334346264316164306131383865383933343735
36396263383263653531613534633231366366363662613533396464323866613432666135373738
63353163373539313734323637353735363539386537373136306534633433323164316461333030
35633335386539333166333137313530626265613134353338633138346534653637366336666135
34303935643635616331393138653261373964666638636230386133663239633265326466346337
35643033326163323536653564376136326163323166643032363462613964613238386135653034
33313035306338376231376630336139383233623364623961336232303663396465613636663939
35663864356433616462353766333964363036363936356131343333313632353361346337653934
33323466333538356361393037316366383866373761393534656233623930653266653338303030
38353665363030376661376431663764353938333666363438626439386336366437336333323432
64386633613465353939613065636363363634633364383063666639663539353339653464383036
61643931316536323734303339383134666339353934613366313964313231326263636131663966
66363334366261663031353430343461646534336239393435393036323233306534333838623430
32633632393030633162616337376162653538656166613362323466306136623961633566383034
37393035303663303734336666303636303430663662663137613132303966663837663161346131
65393362323362333265633331656533643232626137326364383331636533623165383638363831
39376333363864613438633061356265626164303832336563353962653830626662646339336466
66306136363139633634366562366534356364633932376234626661303036653633633361356537
35653264363537396634383262663061343933616566363863383035633163663438646135366434
32376634393463303633613539316165356361636163653763626135646639303462313763646664
31333564666136376639366531343464396336363863636138336339316238663334316566346566
66326164616233353439373634613932613730323439336630313234623932616639653266306532
63356264323331363434633238363338643266616366316364616338353636353136663733653138
30643136666365376363316536363364616230653334316662663238333634366336323236336335
65393263366562656338326665363837616135376533303537363362323231663337386434353036
37353964376435623732656430646231613261343962666433346166396438666163656230303232
63633235343931636138353663346234343433346464383665323363326633343061643136323664
39313765366464633731393866646663646330613534303165346665623231396332303263316338
30643064373563623732643130306362396265366164643365633138613338393163383536366335
30363361363365353937646632633636313136653133333830316462393662636337656233626661
65343164383731353936373231346533356632326166363733373638383339616236346437656164
31336339373836333065623532643562613030366363643662626230623036616431656334633264
63313438396465303030613732363936323431613035323461383637393234363865353637626131
66633730656439366537353436356435323730646539363864393139393734333965666162346330
62343865363462396463343964363038323438613330643963663637323336636533663739363034
34656561323561333461346637333037313138653730393938303462373331353839373863663535
38336538643336623262303032393539626334373563373332343765653031323930656565363834
33306339646662656138616462616531666538663132383336643639306264623030633832343063
38643863373439393532373836336531656534306230323566616133326539336565356234643231
33383836323265383633356431313364343765623733633738663534616263386563663531616662
39353537363930373537306235313334313165373536333638346337643034653063636537336665
64316636306538316131366365646336633065373865393139376666646237623861306336653534
32313630633338323766656231313134626231653861373139333666376362633639373738613136
38343633643662636539323436663664383231353934316236303732376334353530303939383164
66663362336264313930653139666539313262663037333463643034646332393430633766363433
34663061623961343062303739653333663137343837373466336134333664376265373865333130
35663734336331366238333536356166613532306336636635636535663037633338343333386364
38393931346266343432333836343963313530663964613036373365636461613835393163393065
65393239313038663464316563396666643139356334656563323337353738303538663730313038
39656331303863616632643166376362333939633063623562393731376636626535623731626633
34643965373335386233643136346238373062303333343935356461346330353463656432373634
66333766303466376431656137313862386333646330666639346230376465363537303434343431
65343538323066393063363339323064313337666537396539346562376564333664373639623465
36313263383638383930346331373738373639323738636666306465353732383837646538343835
32373761316138336564373761633733346239323565343763323064326236396363393836646531
66396638303639396436336337373038663833363763336462376662303663646231346436363962
66386533336333666136636636366563646233336635643338616130333231356463643762353866
32383661376333333664323639316137333138333563393561646431303562663036636130633366
64386334346235633761633561326462386563306539346533373561346236373166666237623962
61613830396430373134386533303733633834373530363036333435626134303035313261393234
62643734343564643964356532633366326631383265616236653434323534613261666265316334
34306434333731613539653063613866366431376230343039396237656632393435363934623030
36633233346464666439343536393530613864663862333861646431356666336433396531346664
30396533363135353033643131396236333836373735613530646131333261663636653665313630
34373165626334383566363863373063306532643835633261373434633265616639383830346130
38313538323934316231323363306237666330353235633661393138373931656361356561393463
34303239653834656466313635613434663934633962633065383237663339616632353138616162
30343261353137383031303333626436306539386230616335666365333937363839623166646337
32623039633335353635626137306538356366626666333935326238636565613064646161396134
30343366343762663963323061303437613835336439663036313334656564333365646630626235
32366232323535383032393666326433333530623631623635653333646137373130653062313333
34633633383132346631383635663166303731323237663131346561336230373436663264363563
30363533383339313666613135386334383936313135323265313463633662356139643565306663
31386632323162636237626363323739643731393336313438313966313136396365306237333234
66303365303733633965396366383835646635666462633262366638326333386262326566323339
35343936373063363637313566316337323536656338333666396162353031653031623536396434
30663535356562386362333964666664323437333536373136646538613832386234643063323233
39653263653263643136396166333630313336653464396333333365356666396632396231356435
62326436363832656235623230616636393535316366333131363933336336663130
