$ANSIBLE_VAULT;1.1;AES256
38393633346439623264363136316430626635356531303630656138646163363764653631643331
6263613863363839343830316531623565363861633762640a633333666130613031613030346637
35313032306565393435626634643537643561653131383633366234643162336164383939653466
3437643039303930620a383963393665626436306232346365373330333638656563646264313034
30303563363962373832653634393536396566303236326365393536386539303565363932393663
33353665636263656234333634616566313464636635313730666163623938326264373339656238
30653830346331363163373961633131356435643738313931356337393666623961323932633938
62373430373933343965626665653332363737613538353233383334343634333065373966663564
38633461366536323464386366303537316234346662356362616135643462333561366163623066
35343335363034373036613763303461336633653661653336373664653234666364643732623261
33326563663534346662356336656636666131613737613135643533333061373763323566376164
66356664366631376632386365613337336332323230653633643163666430323765663130656631
36633531323739393232303435663931643662376462383261646131626662393532613661663034
35326336366262396230386136623536356639393833663438643166626431356438633464643937
65623864366631623931383639363965363061343164616331326333363334666562643161313331
37633835336634366136306133613961303062626365633865333536616266373030663235636661
30363436363064613135643564386366646330353935363537353935663531303637333036356163
64313963393131363235383934366138343430303265303664383233386534306636626262316162
61376334633538643661636439346135393939666232376166353666643731333133336265666162
33623833333234613564396332313934303031613564666132643162663835636531393364653135
32353865323065396666353534643534663462616534613262646632663433353933346534313564
66313235343939366532353439373239656538383563623330646330626562636437333832383632
39613866626430343230303963316130663230643931616465663835343735363137663531626634
65613131616339666264656338636531396163663433316436623634396263306337306163373439
64613137333061653237656635366265353739663662393861363663346565663835343137616163
32376461303332373462653037313335623061363435613266343637366439626438306535613563
38353830306465646232313633346135376364346538313432656639643335323235306361623364
30323235343139346166
