$ANSIBLE_VAULT;1.1;AES256
33393432303131363239396137653636613034396662383839323266633736613265306537353336
6632616432396236313562313164316233306130326232340a343734313434383537376334626362
61623431376534303633333733373638326161323932373238653661653036616532396238396162
3763323036336233640a653030623136376638343230326165373763353837383162633038306630
62623463313134623661373566666131613139646537373537326539633239363163666634616566
62376263636135396237666133303363323233383761313535343430353034306539633265643662
63636634386330623439643437636465353038353634613766666633653331313339646631346536
38356133666334636164666635333636626231346436396466636531636438333561343036353830
35356463323861313462306430373664336638316333363930353366323464383037333465646537
36643133343237383064393839653435326533323763356230303931336136386437356563343534
61333133663139393764333634373036313435636332353966306162373363383135303032636263
35616165656464373864653839366364643836333530383534646638656362316439303434643830
36353530643234646438313431646130363330396131653136353366346532623038303466353864
36346130313661613931653131396363643565653963316161373463326265646339343966393765
38386535636364366536343466306361386239343633643635643736393161666437316261653766
37346463383662663137656639636232393265636132343061323663323136336631303363653039
37343538393330663061323730353934646261646636633138393435343264623430356361383831
34613161653436613766353762333638313634656637333239636535396162313236613430356635
66633064633366633739343639363638386361653338376163373433643766313961666265363064
36363864363439623562323236336331343835656238613533386136343533383531373862333165
66326236336334313865663432626332313038633666393934303737353735366164363530643963
38636339393738393565643137303032656565613365346432313066363337633333356332366135
64303732356431303339396233626134353833653930323163353064353261376131326564373163
66393534393734393232376138396134623363306335663261343131353434343162383766363532
30386638343839623837353865373366383766336231393133306332643939623132666438363231
64646363353133393364333362613038623834663962666337653236353336616330306538656239
65643664373039623032636231643637636462363332363934626638333766303534343136646535
64393865356161373435326561663932313266363336366135383738383164363030646361383761
65343665383232656236393636633839373830633239666332373534353235653430336232633739
36316330373862653439323532326365323565383730613966653233626266376363316361316431
38616665623166313965393232313330636161626433346262623939633130663266656661616566
37346535656537333535353135656562666131303064383630303965323565323465613137363838
64366535383063383666353237396661636366653066316439383138333664613232313263653364
39613062356261356230313035346465396234633062633539323738653064633364643630616561
61356638666666323664613237663437623935323364333638623534353563633036353865336132
31306630383137653034646230383934393530326634633336626566383164643866323735373063
64306434396564616363393639323335383839396263353866303032343139383332643561303563
36353130366165316532393038623965313239633531616136303164656266303162663363396161
36373431613636376335373963613564366238613266313338373736366462383537653830613161
39343864626333303331363162353034643438313764313563363537393837373536356365313136
39666564313335343664396663623533313436326535616235313438666139373039393530646133
35396162626535623939396536393635366562356435366435323133393737623861653563656436
34373832613630663432623530383831366632386461313131356262363862613864383835653036
62393162633335316363363237383032393039633439376262306565333762636262303631333132
36346230346432303365343837613730383332666566326536643266393538343537353835623166
31346465373765613032383736343665336235363763356330323138333733373936346464663335
33323734393061363266633639666566313637313962613463303438393365316639636663646665
61623162346164386631323936653061386337353962376439376464616166313335326164356437
36623061623264653566646662646638336563333137313434663536383139643139316233306366
31653139643063393939306565656262316265626162666161326432636139666364633365383932
33313463363064623665326530353231333462613563663766613136613665633837653038666632
61353339336130313363383636316136316166313039323030313035666661643836386331303863
30393461363239313037646432643966616234346362636466613931306637613531633962613263
62386339343930376432303934653431366463336262303532316465333764303464646666643263
39366466626230663435623236663335303932306238393161333536643037616533626235633366
34343935633435666438333261316163356435363662633734666330363462616433653966323166
63643164316662393636343932393561663563303965353633383334386566376661623034333137
31353531623435623136333632613062643738623964646337643666613238336638643436666464
38353336303461633333623233343764643366373531633366393965613339343963313933386662
32643234663736336334383630316664343662353939666664633636326133336237623361663265
33316663323766336638626333393331663864623565383032303233646132313065336535313333
34336135373934666365653034363830666639633736666530346237306335343235343633303039
38663563653764373430353736626138613234396536396234323832626363616131303466636264
32343465663438636661663832303234653362303230393330396637623831656337393561343630
62356262333331393434653635363937663439346632643665633730663064633830366361353231
64646134333838306130366132663237353063373534623961333263663763623836643464353830
33333764393238363661343337356430653065663861303062323863393434363465626234343038
63303339613165393264373138393333346334303437613163633861343936383366353262643966
61366663383061343935373439363461383466356362303136303765646330633261353263636664
34323866653266316266346336623338366338383066313861656330636430396533346231353463
62613639373938633133363464353335373436643736303662356538643764633266383133303133
65633437306436366636633466346533333963346662613438346337623938353832373263623466
61346261376464346362633033333038646462646161636539393434383265363536393165626166
33363634366631366132376431343665363364333462373032323165366562626139393064393463
63626637343062386166363134373537393630663066633032346261663939613337656338386136
32626535613439366636366130616563343161316335636662306462636532626438616234346535
33663633613364336261346564303165323163326461393466356333636266313730313832323338
33333166653632306136356664383236623434613033373366656465663961616135353238366666
36613439393266343339326138336338306263363836363866626461663161316238646533646230
34623364366465313262363538363135333635393265336233666162316265366661663133666262
31376466646364633665353964306666666466643266396630626133646137393763376662353834
65343035613838383862643930636565353635663632383733313837623038643939376565326465
62303234326161613764346331393037383763353762383133303135386638303062326165363664
39353363653034386361653661336637653331616334303962616438313064626534316338663139
66656439313632323036653564653232343836383136373630333630623038346132336336393531
66373231383861373536386163393835383639663633613164376634656235316435396236343533
36313462303532383933353537343838326237303162396238613436626432643830643834613934
61396162376332383234383966373732386634383136653163363465626463373137373465633562
35616636663535326232326134353362633865323835353138643561313037383738653132346137
32643534343730643933633261316565623465666639353334376230666434333238323566303032
64643831303833623338653335333364373464646561616432323833333433616564303638663738
62373734373936336665643662363662323538666630313039656464346436343963653664373863
36336130633336363533653135383163313761393132383164383863376338663866643765313137
31613736333366313666663031623634316633653238643664646534653339633265636639366532
31323237373932383338353436343866656237366566663866633764643334393338653338396138
32343530323339636439336365396165383537626235366533303939376164613539363864656234
34343735303263353734616564366232666563656637366466363131653964333134313365353132
63653632623630343535363834386331333935373834393330326137346165636237656134623765
64626662656331313931373263383830646130333865383162666436646338643439346164663031
37313535646664633235653332383234313137353562356434646661636431343963646137363233
38646565336534363762366666333838623838356138376234393139336239646335303439666338
30323364326361323134626333393465666466363431663135373331623266633534656535663134
66643131353031653631663562363437316132363766616165396261333530333564633139316234
65336466616634626339396163393232363737616230616631366539353966303639643030373635
33353138323162323965306166616463396262356537393766313562343465616234643861356330
33353864313132303762646462303264376239383232343432373235353061353463383463623631
66616137663830636131353534376163613937356133623535323862306534623664346564353335
39623731313066373237366361353337643261626233323633333962323230666132363434376438
64366432323532633536313363323363373532666464353935623764336232613932623835613638
37343461623132373137616637636666653731333163336462313336376432643163343365633061
65313334623265643431616662333735353162396232366339386438613636376337353737616162
35313231313833323462613665343037613266313730323862623964386661663635616436323332
30386537343933346431346535383932303339316636336161373364626465643962653962343038
64383330386665396662343331356532373336353437636465386663636130336136346562396431
63383236396234316566633831646337306462326639626133303535663739363966663961396263
35653664323832316433373035613230373133373338353534363734623966623132366164323539
37643735656630313430663238623264363033373063313538346532343661346237623938643832
35343064323661313039343463613035613764393336653736666137336335336561323463356337
38626532663661363233636661343938653134393531313434646537323361343836636432303366
37333366623962623865663564653931613861633337323332666165383037363939333330633930
31653835333734323666393735316261646163326466373734393334303565323062336464636166
39376433333364663638643863656561336434313634323564336166343662366530633565386530
65303837346463323832653361333039643264373639636233383466356138636366666262656335
66636634343636383562616666653234333861626663613165666339636334643236386161656534
38613838346439383030333837663133356239623535333933353937393738313239393839363766
65373137316338303132313538336235633930653433343931386137616437373963656461316537
31623630656430333032303163373635396432633634613034623136666331666536646233313036
31643163343234326635323131316465626232663930666634623835623138386138323337656430
35653734643162353361366665383461323665383032356530353666666365396335306362663230
31383761653334303532663537313131363736643530393763396635363564373662393366383433
37326534636561336533313461343336653437386132383962323863353864346138613135643835
31646138353163343061643966373366313238383739653363653130366465623563653930623637
36386438323731323763333532323964353066386166643834663137386333326333373239373764
30656663626430633139383639666561383537383535643663396263333764353538373438663131
346331383138366136376665653738376565
