$ANSIBLE_VAULT;1.1;AES256
65623435613836646266303338353330653932383762396236656135303263626434393262383338
6133643462663966376436663431616636313335643930360a393037373030643839333638373663
65383361636666663730393135643761646134306363303431373066366231393039643761343135
3733343134353236650a386239623463353633633139333165316162366435333534633535313530
33636465653763363036393534343566653331383262333333376238616336663735393439663337
30386665643838643363343262316432386137333230386338396638663233373765656166643265
34303662356161306361643136343430373936313930633439653331336533626431636162346166
39393666326136646365383162616232363037326361613430346239303063393964633735313166
38636262376536373861343634313464613163613662346161653562373637316539373430393563
66353839396236613936303639363466313862623463643834386266353138363039663164646466
39653063303164653838353463373938633237323733623430343664326666313066316230616238
30313236343866326633396435336433666332643637393330633962653766333966643231333665
30636530393134396531343865376535623537353633623163393830633533613434633062653535
39303936383735333330366364333232663965333764666131313930303564316461653463613934
36393939656231326236613266393337303334646233626135336630303136393032626538373034
61663134626431303734316234363333313036343234386431343033663365666331336131626532
34346430373732326636663161363537313836386631613661356164613333393431613639343639
35313664663233646364363962666139356231663061366135373134336639626562643736306132
34636635326462633761333834643231306461656638303665303965616634663539343266623036
39663031643562373362313935656566613861656664346265643332643633303135383862323532
66353461626266306434386434633831656664653761366563313763653938653334626461643732
36663665356639376362353735613434653438663663386336343662336262643531333733316532
33306561306136636236333035393265626162376437396233633762393430656332326564303436
65326136613733646164
