$ANSIBLE_VAULT;1.1;AES256
64396634643762373130353232653864663466373732303661623533323833366237303363393737
6539373434336237636462633739326666613036656665380a393031646262373934646161326264
62626263393233666635616461313261386434343134346261393366353662323038663138323865
3661643337663639390a306333623832333437353563613439643465653139383430393735613038
66306134336632336130373837666630373964636335623263613932633064376630306231313564
36373930353736333732653038376139616566376332363135303131636164386263363163663334
61316661623832303534336231333739316563616134346131323339626538396263643832643431
31633636643634343534323565376537626532623764366464333236313032346364666666313431
66323438663139346266376237393361366330366637306366656631343537623037383030386163
30386566366334313763623737626435356461386261653931313934383931376361313934316362
62323337663164396431313134653532656365313233393864626663373362326636616565393064
30666133336363663236636133643131396332643039313936386230343966656534666138323365
39393032636139366338666230303262363864656261666437626631313361353537383366636561
61373363323261653162396365376634393362346531396235656334353036353966363966303330
62623166643563623063636662663031616464393366303463616335343439653464383830356435
61346265353961376535616566346136396139383866316363373135643861643933346435666363
62663564663238353230623033326231356338363733643731616661306533333065626361346265
30663061353061363437333533663865383033336639646233303866613839666365316138653730
66643238363830323535333463666437623337363364333937333335303635396138336565376234
66616265356166643636393333623662383834356162313031346534303632316330393066326265
38656163646330383632356432623036313037366564613934343334363066626264393162666561
66633030356136623661353832323663376139316265316531376632326136313261393038343837
30646436383630636431636531346365306334343330646631306634653834616434393430633862
34663232396333323763383238303766333861643632363734313131343966383133343031616537
6136
