$ANSIBLE_VAULT;1.1;AES256
36663133316136653136346462323863323838623634613765383534343365636433626130333961
3038353337343661623131353765383637313662393138310a373662643665303863383861633434
62613261643137646335623861306434373965376465646333326438623033626564396263623366
6332656537366131320a336130613030333733616139333531316261613037363036323236623361
33303361396264393165626535633037336130356666363862373637393661353537346636343333
33353932656631646235363632663565306139386362323433323438616636653237663332323633
34633863653764313063316634386665346230313736633161353565366235303833323939396338
62396535343033663633393133623436643130666139643639643933333963626438653761333839
38313533383266353164646536326338666639373630313365393462366661363963666663326366
34636364613039353338633363623039356232313732326136656534373538336663336532653935
31633066396666616466303966633837316638653732393662326137366531353938396465643664
63313030626131653532376133333537646666386637616461623332643137313863636534396430
63366339366165303932333338393462313138633666643461646332353238343864363163396663
34313235346330306437306265653134393330386530653630333832373136623833366134363630
63333266646235376332356536316131653761656435663865653366613835653932616230376362
39623261363336393139386662313734306532613061623466643537636132326263363466353564
64326432383566616131376665613365663663613962366138623965333534306661363138653464
34373962303965323563323331386133386265323031373435653063616634366661353030363034
61383132306532373135313865336166316564373032343139393433333730653261373662393233
64636238353862346262656164316237353966633366663739386262323837656130363932636463
63323832343766343039333131666432343130396262336232633939376338313638393738613139
39386134633131316536666338333463613238663737323864616535633831623965636539383837
35313764653462396461613365396265363336353265656636393235656163373931306239663133
36643530663962373236663965643534343363356232396438303965656431663737326439646133
64353433306166653562633433626630373665373432363537313834653333656636633930366664
62636536326338316165343238616266653433353836386538633430626133323432383733363731
65373936653561303038363066626364363466663232303162353166396634353038396666396263
31636565646430316435656632623661633066643965643766356435326235393635633539383365
37353138663165303332623730393963666336306230666163633161386462356233616562646466
64303533363364323139396533323531626432633631303261666534353331306163626334303439
37396164393939373937626233613238353962623362636564323831306631363335326234356436
34336439303333613762633231633330323564643962366136333735373835356531326639633436
61396166646463383864386331333737643966396661376235666333643361393666373232316364
33636265343432376631356239323439636634613031626434653436313331356336663337373664
65613264646639383232363765653330323066353531303130313737336661633039383837623964
66343538643638386664343733656137383463373338333633613736393164653531633261376230
3538
