$ANSIBLE_VAULT;1.1;AES256
61636531643334626537663239313834653336613239643436633161336338666131623139646562
3865393936356165613161396431653036376632393463640a333331656235346231396266383162
65636430643438346137623363323662373235376163626263386530336563633936333333366365
3439623566356433370a396261653639643231313736343730636164666339366466613638626164
61333164326562383366373763303434656232616639316366323732656666393735353833386161
66356330303333323133353939626363326663616266346234303631393039356431333930613863
30346136366436623339393430646631346331366535346531623135313936393762613034373538
31393031303233633734363534313162393936343333643463643333306339613565313535353133
33383462313434333530623238306133633031346536303737656630353962666331333536386261
63353239656434323831343866313636643533323036303136303133356535663037663262306539
64393563306434643036623834643238323666303662643539366635653534303036326366356434
39333332313766356564376230626437393862353464666430363238333533613133666663633265
63343830666135333336666432353838346430323433653362316531326435343961396265613063
31656264323436393764316435383361646537373631313835663632663363326132343830643632
33653938363464316138316163353964663837373632383536373034633064396661643864653630
35336261663231366466366463633932376262653838663734373564383063363566643261343435
66363039306361373931653038316339643631313464323934653565383439666366366662383034
63343361323836333366336632303062316138326531663430313666643563626235346534653936
32623161373264336237303263343062623139303965643032336132653830393264613531313930
64356262323330343366643139653637623837396232623137343865633365626239613865353062
63656566326139353536623762386661323761376536656666316530343636616339306661646663
32326166323663623536666430316139346232633661633234313632393462613639393132663161
64623037636561373164326236346434376664313662373865393966346137336630623362646265
65656463623538373333313035373539646235656237303463333832626164636437643539623233
6130
