$ANSIBLE_VAULT;1.1;AES256
66303031333631376666626139616335616165633437623561303933383632633861643466663536
3536623337613034323562643366623736656533613339310a383661323839376438303637643463
37623562333238613563333133306565316233653432303332613635643236393064356339316531
3238363735376336380a396432356665343261376164383335626261363538313131343033623662
38373537343365366531333038653036326335643633333364613939356333373035376336303031
35636138656538633064333436383933373035643136323531393464623365343765616639363763
61616539333838396231633464623762623539643231303631626338363164303661313038336237
31643361383832313136323165646131326536666637623461353062656463356630653965363965
38613964366239306262356664303033353837353566313336633634363463353535313537393532
30313336303330386531396131393737343330373934653532323532383961666433326331353631
33386266353661396131643364616464343836613861383962373936346664623465623864333864
35616463323062323366633834386338326233646166353261353730616562356637306239376137
39373738343963633232373833663762613464346665616465313036303964353865653461343961
39353030313432343162336632343462353261363638663538303263313266393832623565373163
31663766646236373266323065353833646137346664623933373032363139386638366434356262
37613933326634623236306330353238383038373365313266313165643334393735636663626334
38383430376332386661653164373063653638356366303166393832336536386162616439623063
30393630383265343031653562363437626463653236326537626566346337353263646432336239
36366666613364326237376261353037333239326233303439303964356537633931613634356634
32663531336237643665386134346638393066303563323431626433393739633334666339336561
61326332356339376637346461336630633434343135386535623065353338653335343230613330
66616131396166323365353737653662616662656464376566303662613931653261626431313133
30393736303335643637383565323533393663396363666264306532613638353736303565386263
31653861633539343939633037366237613462653538343034656466636362313532313165323537
30623632643138626235326639363830386235666363646630653664373634313166343036306232
31316338363333343262613934383831363533343331303635653763646662663562376637313062
31316632303962333637633563643431363761623134666664353937316433316530316438323532
34653334313433396464303165616231616139646135666537303131343564343333373965306630
63353063623238373931666136346534666638343966663739656136383362613732356339633365
30303264656338383035313962626137626639313631376531653439653163616265383532306461
32616532353766396537353431343432356432616534303633346336366233323665323033336432
65353965343439393733323532323132323636353239336466363135356265353462303737643635
30366266383636323664336536353935353434393034613632376232333664643861666332386234
30656531333232323439666130323566396461633135323139663530666263363138383462663135
33613433326139363031623337303738356562663630396331366433346633633866633931646634
38346564393835666334393633313639623332353330383766616661646564313736333631393566
32303565316363663631333133646532353634653466623561626438346564616534393737373665
31383761393461623336346533373234313638616438653431663061636265346338303739353665
64326531323533386362303237336464373531653333343731353431626633643238373265613666
66616561393164643239306231313865323630333235653665363939626539356366323261336464
33376239616338626530393438656131626537643035613235306661326263613765333562363165
66306464326564366564323262363831653439626234373730653065386538386637383564656638
32656337383936616131376138636334363133663964313836633661623934653235373561336565
37353534666133663039343033323734626431623131366562316236663630336261623665346531
38616237346365623763643936643631643965393463303332306562333766356265653534313862
36626562353839386461326136666532353532333332333862353661356637666662616636643864
65636235316330353764616536333034366533306335666330623934663066643231383566643162
38613961353634333230313766356135646166663966646233326538666563366166653139313231
64306336376337643465326531303630326133383539613534613035306163666539326363613537
66633430386330323232376561303432636261323364376134313034346533623934303036386530
31346533343264393334353433646534653634383735303262616536663464353434653839646165
35303662663634336138663434393830663133373661613538376337613061643365353935663833
38396331656435336361396566623833396431633534363761666630626262303237333161313632
39633438643335633938313931353130636163636432613136323162653163666563333539646239
62666136653330393631383132313538396437383463616132646236626565376566386634653630
61353633303561353737323763306234353663306462376162373964666130343363333664383263
39343663313861393831303265343339383465343633346439626534353733346631346536326130
65646330313666376633313833666130663738326539373233323834326162663738633131333862
61643936663861376162313664333530623836666237656438663966353562303036663062383465
36393937333234616230633661316232663436616663326531626130383635353163383039616133
66336362373261666262363333326138303232353261643365356632393364656436383965326338
63663638376332613464326164326239343537363366653732643131653364623730306439343230
66383537363532656261636566336664366262333564313164613764613131363962383334643831
38363964613832643339396663393063396534303531313366626464663264326266623835363965
37613431376266353936306164613938636531663465386230626265656233363566323162663831
32666330663365363336623261306161303738373130626238366664643466356132306235383338
30353739343738313865653562383533613132346337663832663731396366336532363466643533
35663461323165636537393735303235646464386539643065346534313865356537343264643937
32656531386635613839633338396136306435663033343366393336386563643635626263373836
32616131633966306663616232623232313031363830303731353162313163356163383636383339
34633065386238336165656634363761396131303461316361373733333966616462373338663432
66333236643061326637626634343832646132396538623530646463343335653936323739663965
31613866656236633535363930643463346164313430366135633531326537313465656264363766
35333062303634373733303063316631653139376336663835663761626636323533383531316133
36663164326433643936383334626533363463316430376235616462626231383633623862346238
36613765343261623435376332346636373661616237346465663561653065626239363238356635
39396431393839663230393732343534333966353566376536623461643439633335396662353833
63373438626336366232663864643134323634663539346162323662653239306632373562616532
30386364656662646539396638353861623665386666303335393165333466653237306335666130
63386163313336383837656332336433666666333930653966626138323865643465616138346533
65383934353537643135323961656563386161373036343361623335333933393138366166393832
36366530616262633833323036646266636264646632326130386165356363313339343163613632
34303535343630383034336261386133633466653539303238633837396134353432323663343766
38663764643137643932313463363335343435333039353363656661316438623637663930323535
63333433613730623632653539626138376162393630363031646135303861366136646465306335
37373964656636386335626639646638353461376263386232323135646535666535373663306631
35323166373465313764613036383434393037663335623735646265376462393365386630333763
65613332353231663364323863323938343366323338636431373764646331353763386236663931
33353936333937396466366234653863396364373466613364336265656564373136373265626265
65323638643131653633316665376138356361346131363462313863313533303035616535636262
62316437623031636531343838623836313634353730343332376239346361653937323866326239
39353134346435616136616636623534623530663032393539636231393464313332643239356562
36666465336266353966633766653035663963313030653563316537346338303161666239363363
62643434336664313964363732303935313762373737326632333466383436623438633662336231
32626337633133396335323138396161626263313833366263643362313833373461343739356364
31613861623064643762666565316235383561663635333930366266623662383236643330333565
32663232656638353230373463343330313865383761366335323663323638323163663138616433
31313035396630636631336633633939313935623631646365323535633839366161366463363666
38393336666130323165333866373530653133346233323333656335373439373938623739653836
65333561663032633137333664313234656535653937356537366636376662653235343736643439
65383561643566373638336362363365326430633037653835646434666337346531343435376333
30336632616664306232363962366637346235663833613339373566643233376661303662323861
66306232613231633232363537663039626235383466626361346335356334393330653666616638
37623062393937393439343863376666633332326164643765396539663035643132643964666437
33363630656565366566356638633561623563336166343936343338336438666166373234336362
62653636643763343364386662613561373664643630306539373437303339303532663564383566
37633334613637336337353736316239376136363963613732306661613037636534623261363330
34643965343432656135643639626133306365363734356635613663613536636461363437643565
64616130646330306439663730303137326466393032663964623530366162333433623633663961
34313337396564346535373662393839396131636266393234333238353562633665613563666633
39613330643038643564656631343363323833373236366537386637666531376466353732313666
35663732323638383937383863646139353137303061646538613837313635663534323864663562
64613132663766356666383862373838393034626333613133363835356166366336333931366439
61353435343637383730616438353838306234373035323562333332353935366233363462653663
32623931363733646366653533623761613332346130346663613136633633613766363631383231
33376230626264343139333839663463663761613164396632666638613039303935376535316565
63353230646631353332303733373330386531343233373534323530643938306536356233613932
33366536643332326435323337663264376264363431353561656237656136656235383765333662
39633034353162613061633662326431356433373032613930353931373434333866366363613461
61373439376536333631643230653566616433666565323736333466636266616635643866326635
31343932656434623038663561376539393734656165356130633633373334343238306661333933
36616633613362363564666134653636643338633932656634646534626537636339633631626239
33356433336234343835313932616530623936343161626638373363653230313662343039666561
35613662643431656166366232656636306363643433333636326138393933343036363937656534
66303064306632353362386630623838333533316363323864633336663832616165336139303239
62373034396261396666313933653166326336613035616631396466626564666561653539643166
37323163393335396264626332623033653463336430373266363164643566666566653130373765
37653462366462646431363461656164616638353534383661306132383963636134393963646638
36663233666166643732623036643539323236383234656236383433323637356631326666333937
35323963333963666234623732383136623036623832616665663637666635656430363934613939
62313466323461373764303366316634373130316137303637636437663734643731623837393565
65623931343539613838653338336232353764383239303361613438653433343938336164366163
31613565366334396335326462396130616262363466336532333835313838396236396465356535
39356237313766613063623536616363343462343431613635393837613434396330323862646430
64623161343863323762363266636464313139333962616566313664343864366536353039646634
33333461663963616230623538303266333662306162343161636336383765656631323434656338
38613930376237316237633335343731356661326132643039363737313364653763643661663835
65356438623836623633306434656231663033353936393137363666336537613933333461333563
34643837376230613031346162646666653832343062343936366636396230623262643737303863
33646538663633613738613862383331393362373765323466326130353932326664323563363565
35333765653031616532393538663363636235383036363161373733633931623439666166323730
39636232666164656638313538643630373739373030623534663364643437636530366635653434
36373563393835383130376634633464633937643635323130353562383135326664656236303435
34306236633037383935353137643737333533373838623330303439336262633938343362346637
66653331386432653432366130343936356336366535613832333533663332333838633635396430
33363062323361396434376437363465623039393163316339636533323737643761333065353837
33623038366261333266646536336530366561653362346634633134356534316532633061393735
33303266306138636139613236303431393335393363633333393436336237396632326335323665
30613838396437396261313133343635623334353464383732373837386564323261323362303064
39356266306434303637343736303737343565333330653238643331353463373264626139366463
64396465326431646334613335613436326633323265306431643762613035323735316264613336
38626161383733323032656231303431666266333166333063343961326165616432653236363732
63656536633131343937643461333964386164623965306161323266336639633362626437653363
62396333653365633632396231646263376437653331313066653036323664313231303163656338
38336538623462383864653535393866653966343033643930666463616435306635353032383766
34613030363735616633333131366337616235353531646565623866636539363731333163313037
62616136333730366631376565333765376232653363356161656533613531303064303430326438
61393936376664616163313664373732373965623965393964343161633332323861626237316366
62393063653865396166396235616636353030616230383236343464336261346263643066393131
38643230383337333165653737393230663539363561363366636333343930666461653062393335
33323166613162306634396138636333346433653433643661363566663561353362656630333031
34643533383066306439613264383234383636373166623661343334653134303466333838626534
39613431336332396134323737633333383965343466623361353237396463646538383738353033
31366532333161356236333435346332303933663565326637633861336433643033333266373135
34303136316334376631376334363861643365336561393231376432666431393134636139303063
65353463353364363439373662386663653566323632623938396137313666353935356565363130
31616631656265643931373837313636393965333361303661343163393737633335356339396231
64663738616464396533323366666365373638303766393662646533393465373162633235383062
62373664386361303664373738626365393632343235633436643363383066393065383865663061
63313662343537396462323962663863373765663738343965396639336466643466626137653139
37393566306361336434653663356332623330333031313866353734653138376233633036333463
64626533316333643530313033363562663237386132623333653665383135326336373236306564
39376633633536383533623235643633633264326332656634396632383265346566636231636536
39653536356135343463633565376137343433363064666262356663393137613763313035386131
33613262343564363065633364356530623763376664636364393264653730303539343966616131
63646534303834386137313038303334633835373266313530303430336233633864613234613535
61633832623138303833383065383837333039323565343339353331623661353733643266326130
62643737393664353531666135346238613031336539366339653331626161326633326161326563
62656637353865306565343137393635346639633032353431623366653539316637626539393465
38393134663938663661303863316636343839326134373263326262613930353365303337653633
66633763363566666536333034653533393537396331383831616637346466386232373861373364
33333162613830616338623334643766373264353161353362666239303430363863373033323861
38366535366337333334303330353932356136363437613836306565326634313134613330386139
62333931393931303836303931386563666633613238393935323130636435353264656230303865
36353737623136393330663234643830613935616563646431376662633162383134303432353931
63653064323462356437656436633137646637333362383963303432643035623435653839316564
65366335306532383161303561363937306431326438303430393261353330383461366436333437
32623238653762616435363233323434376133313731316337363831343966633438343037393432
38396134663735626533333861376532373164616532326337623838353966383333313865336565
30616266323331353636393865346630313333386166663839616363323364393266316538376436
34623066383338383739653538336133613234626164313131363765653265323139396136353064
31613666363539333939346235323132643566646334613365306430653833306461626239323032
65333434336237353339343439613632326630623231653433386631346266396630393765366632
36633832303233306132656162306634313939643234363730343666306634316138663363643230
61653065616130663962646638323466616166646237616438613765333733653031613036363661
39663439386633356430383038313934376230323364303264663937393033393566666132306666
32326334323335333738303463613831333032323933626138653033376165616164646236633938
61633465303665393863643839643735633439306661363732616330366633303031393237383664
62313235393066636261616665306333653363303338336237623934376561643734333836623762
66626436363561396364366335363561646331313635336331333564643536343631353862653066
65353065653064633438306235643632633037396630356163666139323566653161313334343834
32643338626537626339366666306564636530623339663537326539353736663762373239313465
63643764306635333762363764646238356632643662343735323135353331313538623635316666
30356231633036653666363638613534306161653463303961383937306334313938336539363530
64383634336638306535626132376237333963306533313661383831326338343737643962383262
39633338363436316138373065323939383637646235373266323539373339323738373065323638
38373438343764383138333136363036303935613764303735323633666362303035363139336164
35356462616439333934333534613635316338353365333838616161326138393261643439353062
30363762663363613266623137656562633733313431326539666434313636343962313230616362
38396263343338303536306136373637633832303736306465363865303935613964353335343835
37613637333536626264626632643262373438393736386566653536333334303032343563313030
61383439363831306237626464646138666330363831616564303736333066393965393332303433
38636664373734633862316438393263393734613139653035326331646364363733326530393038
65633231636163343162313263396565366539336339386462356436303635313635633537333961
38323331663066643332393430393836646331623139353938376137386566353365626234373437
38636366643233636137376534303531376465656537613831313633663134623832333938323666
30353233316232653437316265306431363137653234313133353965326535616161656438323734
38383164623532376530303765623865303761383634356334373731343234323533303565363437
36323833356632326666326164616435323036636139333634346565383362396136656633626461
38343364316261613135303762393361313633336230393433666661313337626536353263356261
32636234346362353034666237326261646330303735323163373338663330633265633237353263
38653431653430336637646634373435653433366339663832633566613464373766643062343438
35633961363065643166626236643536303635386164316365353165653338623530346133643364
36393238643232663862623161663965343038383161323766663366633735306435643963353037
32636134366563393737663834353033326132303436336566343963666533643630346364393264
64633662663735303636626438626166333035303261356636353935343737313536663130356336
39313835393331343763346631386339343335343061313663356233353130346666613532393861
33383138626337633737386331353032393931393261656162646330643734613931396435613764
39313733303166383037663161373465353464616537646565373531353462393937363261356633
33383837623435343730356661303839373961353836353663656366633831303231366139366261
31323632633039656633356564313435393339653064636534326266366432373064356334623361
61383232343262656631383838383832653137653062636633366161643836386265373361643731
62363538356239356638626332336263383763353239303765363762366464313431373739623531
38633463363331343335616664343734303338353633656339643166333530313835373737326631
34333039316539316234353862343034303034346638303262636134623662343864393437616437
61623961333766326533343638313430343233373131646332356631653936363332616237303831
32383832323764353939343865613666343538643765616166306461303939383362333961376635
37316432363463646635313439616664383832353864383738623463343130643731396666356163
37323038373339633738636131333736666334653164663034363461386132333064663634646566
36366434616435313338623064656635333033393864346534653334323336366462316263643331
61346134333766386366346265363761623565636535613437323630623531303136656161613237
33643536386533303631353130366239376439326530356139343462333038383464303637306136
39376165666139386230353965356132303061316434646466306139656363303338346535663065
61653862613334316163653835303266353036366230353861396463653066393035626630373534
30636531623533613361653832336263346136323434316634376235363162353131303461623166
32316563636163613931396632633832653562643863653664383133393866616435633931373338
35373262373731346263663833616463633364363862306130326234343231303434306361643136
66626536663433363863346665303762323661353238363633363535326334366532656532346434
32643264613663643638333564646635633562386136353332653866366262383539353438363264
61616330636136366462623862626666626637653666356664643238383362643935343333323266
36383638343432313166643761636533366161633534646335643734346266323333313163373138
62376633643331376662313430376233396261653039393464383237353363313134366262336263
37636139643765326462346431343330313463313037343139653966643834626462646631333338
66363133316133313032393334663061646163623834373330353432363038353739636233306166
64376333343836613466373435633664356238393831326339303863303839333933316135333538
62386665383866643433366330333130363765643032353434343734346135656631373237346163
36383865366164333461343265663366633633643036396232363032646139353237353731396536
31346563363633366236303239383038383463373833306664316164373161316533313165326639
30326365383230303262336662306464313231323132363563346133383339393930323765356334
38396430383530346665616466666364643861653565313637313439313732353966326439653962
66623362306233653561653366316263623664383862633261303039356331303730663434343937
39373530623330383766346164313566633064363562666135636666313035363261653662363632
36643934626532633537643333386235346362653336666631666366393330646230303033343162
36666164383762393661373463326135383765666262316534336161343738383966393461383965
36353738626339383031393166303231626466343535353737376631356135623133646134643536
61636535396661333034343038643534333162333431656234396239346232353733666262363663
62633166366138616337633266636361636433666131363135333633653830323538326432306138
64623536343061663333333230396663376533303739653035313133316332633833306638343064
61313338633464613336333139623832373037383036653361616665613539623166326539393934
31393862376165383838346535386261653737326331383930626566303236616137383932666535
37646531373632643766356636633262363430383231383866346361303333336434343366656265
61376664643638363436356335313230666632643438623438386135393133363337306532616461
65353339386139636430653939643866313565326335346232326232333231396462643061396631
36666161336364396663363633333630313862376330623865326537663130383164313966333230
36656138333938313434346461363863393130323965626237663666363663663561343163656231
61356466633836363335366164656465393133663761356130393361383132666236366264393937
35613063646535336236383232343464346137376364316535326535666665323639636161623233
39326433363030613131393739626538333135656666356564626665386461616132646461636465
38343235333134316465346137303635376433343064393861326330613634326235363438313235
34646233356131396334316661656165646363386162356235316438646534666561623365326239
30643036353465353533323330616234323432326339376466626236663263643932303738626137
38643031643138343130653538646663636665333361376237353563343832306236373833303064
32303831623563616366393064363031646336333936386537353761323639623438383662303233
65373139653830656262323161363435646265353133313130376461386135343835366531333538
31643938303565366266633830313333353830656439383831376665646330633137663136663830
32333731366430353361386663396337626637366464316439653138323231313635636631613765
32316336383861376661353234383238343334656130333064623865626338306439636465613234
62383335636334646466376337663464613532383061663461336632643532316231306461323365
66373730326434333931313437353361646130373765396163393732373838313064633135656266
31303132383534396162653836356164326466366432356437333565376633636566653639383261
32346435303334323636663064656338383231396632653536373031616163353062393664393237
31346631313461663066326134313565353463666565393034363334613563363331326534303731
62613835343839393861326164633730366134643935323466646364626164323266326466326465
64393232613961663333656234623961346264303532633032313430623666643462646534363835
32653463343939643165353738613635396439623435626530333537653431663663636438626138
38396663623963386466343636326166323033353435623032333763343465366430373735653738
63376264303338306334626232343663373062613833363934363737633863653533643332383331
32646432623862626165356636376531323439633061373533613133356236356565313863653239
31316566633433363735333563633530616430626635353666346361653761306334366264663434
66643531636435626331386362643963646334623433313433623235623864373565656461623839
34663039356639633166613562366265306238633764306361366364633335343138643462633061
34663431663538636363653933653637613966623136646539376631613365363436633564633833
36316534663130346666346130333738336232343436313635353730396430326234613163306465
64623833646138663066643933653937373437373431333263356432636437336632386232333039
37383366343031323130656363643661616237366531323865636131623564363936366139383861
37616236353638393835303239323536623730316435363765633561663630383365656630396662
34363165643661633138303763386266343861306263316663323938343464336166373335626231
31633762623035373032656333623331373561326637306136336431663535363665626134306230
30323361356334313938623138303164613465646333333932633930333339333164316331306633
30303639336236616635326231323234313434333034306263306361386531646135376537306361
64666333623831363862613436326264613866313739356530336234396138376366373736383135
34353162666630386661643034656135666462356535643264346264386138626131323461383838
30363464383338303834356432393430363866393439656365393137316664333136626161323134
31623964383065396463643738326265653934643035633234316432343563336538353637353163
38653835353763616561636132636137366535646461633137343765336131386238653064666439
35353765316538643033393865346634643332623737663936313037626162646461663939376664
64666561333165313439316263386534353537303563643835326564383832386534656266353062
33636135363934343864386166303131383330623862323438373562643038316437623438663437
37643063323165343930333938343738376666636165663864333536323233613830633764366265
64373932623766373365633234613037303263356262353739396335343535376135623234646566
38376161343263663266363433333239396139346166303136383839643131396630613330353861
35326562633561623537626566633862633966633038323766376237336231633464363639623233
39333163303335366536363832626166363361616537623464323264373133333135636536613062
62333137386439343065636136366530323265656139626630383965396434343031343535373837
62623464363136656564303439643965643266323164343763343632643965353761633833323134
34366637346364373661646134383561333834333139303731313336643734626462653965656430
62663037653230626562383033373134616432396464313864653738356631396361333332313731
65633632393662333166636161306162656436353161393832396137623739326664313835306261
37353962663263613765393038396163633439366665306263326532383036346235396334636535
34343233613533366430333237653039346636363033383331633465643365366436316564356665
39613933613936646431353966623736303963393266393566353762343237313761393032366463
63666131313938323062313839383031663131326163333963613231376332366237646435343566
64366436336234363062393062343130653533646439373932613964363231643666646130656136
30346633313763643063376633636361663164346135663436353638643436373265613730333938
62316134303038363237623264613937303235663164663535656339636566363839393638616463
31353166386238386339646534356134616162336164383539373635363536333631643436373033
64666336303463393833383964623531353834656666613061613561303465623761323565373431
63386564616565616330336337396330333061623036623962393536623564633763343366303936
62336238313963643936613735616361343962376437353066616465313232333039356366383639
66663265393132393138353864303837636533366462313638306537393562306262666565313564
63316134333132323134636665386561653539613331343836623233373533363739353666303564
63643362306161313736653835636331353532386266363436343234363032346238333031636362
39646263303535643035663531363132636531653436356532646235376235363638663935653134
32616365633434613632616136623130633765363462303530633833303933306536313163336666
34653932386538353135343565633833303036333066303631663439333033613832653962303864
36313936386138343965646664616561333763316437666662353663353633346137633962666432
32636134373562316632346636383036303066333332396461653239663463333662653131333566
34643662333166363561613961646135383530613639653633386133643136663763653561333361
37346538663566343138393066316634343236303437343333363732306636643530396131616462
31323534613231653865316633366230343264353931306539313765626663613137366135323365
37313631663963356130613965343265663730623530316638346466643634353837353839663736
65326131643264646165643865633862633663336630616337343861376633666333333666636564
36653661646366346132303230363430393965663839356136666463643539373763623733626337
32653161636533393762653761643835666362376531383031366465333535393937653466646435
36653730643364313061653838373262373135376535643134653937663030376363623832616633
34616662333865383562393032306138643765626161633830393766383936623765633665633132
31346231346637373764363961653931373062396362336166346237333634363339373338663033
37303931373436613833356566613937666163356566333665633364663934656430313764313239
33313630313664356636633739666432616438623237346135313762333936343632636265623634
35303832616431613066326534663231353965623032386638353230653061323061653837303636
38663731336364383534363334633130326562323132616630646234656637333466376432393835
66326364383533646365326635393531333838353561646236646533343463373262383661396263
33663136633062643065613434626361333335373662636663663865633036313538343737636364
62356237636263653537316533353161333866306332656266633337333062656364663439363162
30643264323661313064383031623862633735633735323362623066313338323166653966396262
37303664323437633332646162346335623037326334343031333837396434613763383133366461
61396238613332636132356664646430663133383234323635666437613733643635376530303034
34323033623662346538323833663466363263656535666530396533633764386637613833353734
62623138643963656364663038333535326238643831343365353735633430306634306332656136
36663131346263353565333434386438653632393765303336383630356333316238346131653734
66653631333263623030376266336264353633383462613931613461636637313163643633636565
36636531373338386637383266613336393964393135306337313538323765623637643864633634
65646365316435306234393161663961613930343365383737616439376332666332353266623138
32646239303561626539353566383966303839313035626136366631316166333538343737626234
64343237316338633131356361656166386664373139376162623736643563343765303338653331
38313834366537646130653632636538343263626530343835383437633531643364326136373730
35343962346263346136386138636263636364323431373834623031366436333336616164633265
32393964616437636262643263633264376434656361336433623632643230316635373063333864
30316262623039636130613064613261376466383833326363316365383461353165666361346261
66373565376330393433316134353530343234653434373230633833303164623365336463643836
36373439643131366136363737383939383637353336396138656336363636373139393664633130
34343833656433633330333265393430643238383361373663613536383639633234623436303239
62633935363636623332323434663635316235326362376537306336393030626437663136353931
36373435343161386161613362373066376564336366373963636535396433343935393236616139
62396561323037643936356664613033353338373664346137316262393031346162363038633536
36356232366165373161613564343531646432343863613634323662323636346562646432336535
37366234656639666136666138316530653534343734666538313637346333646630386163613663
35333737313034316362303137363235353461333436313432303366643130396138396333623066
3064
