$ANSIBLE_VAULT;1.1;AES256
36376538373361626661303230636161666236353331656233663538333533383339303562386531
3463613733653261653831393662613837356263336330350a363331336461353732353066396362
32356164336636653465363330323266373363396138366536616139656531666136643565303334
3861316562313638640a653261313433613261376234366266646233323935316432383233623035
34643738353162626438396439383231346135623762323665633065633537323165356137336630
31626535663136633031623239373335396663383038616135626261303530366239333564353366
66613333386537623836373435363262383336393665366362313030303265663138633137643637
36616165336338636265356263316365306466613433623432313661363632383664313765323161
65333837396437366136643339353564323932313733653961343031313965613335316135343862
32656564313866613463336165313734633864383239613165313630363661336335633836626264
66613766663236316235393636643433626337323534303834363566363264306563653232643739
33626533396635376361383966323962336432626163393165343930316231313838663965653133
39613933616336663933666339376231373836346136313535336134303636666662303439396261
30383563633836336637363765643434353937656365653737356361396630646532616161303030
37363762336338373164313564643138313863613335633432376238373566653634656464626638
32653564643665336336346661316435333464333931306264333162393164393461393839356637
65373631393161643061623536616663383034313638636466376265346264343666663939333532
62653239396539646339353034653332383162363361666266646563336463393137376461623536
39643562333736643132343964656563373538376239306366633662666662316533303464656635
31336132313564623339653331353330316136636534623233633635313863653361303539336266
32633465323366373239613032383931343263356364393538336133333765623332396531666333
35663035383531653230653439313138343333636161363338323030386266303566653034333764
65363565643862343936326533353234346461313763313361383063313762313665613964653030
33653562363065633132663938383666303237326634343539303337646331383834643337633563
6631
