$ANSIBLE_VAULT;1.1;AES256
37616262306532653430353061366134613662306238336166306633616439643134343361653236
3661623165626565383361303866343261396236633436330a323964336330646165353965626437
38633833333465376538616566653437376664366464346332313236643561303834633337636338
6465663161623564620a313238346365353336323133386361333565316339313536393130396163
32613238633834626163663235303638663432386531663032363862323534636630623366636636
64616232306339646231636234626530353931376530633232313136363637383263393065666439
31306338313661393462646337623230353063623763326233626337386364373130393365643166
63363134373366656564373338663865363664316332623433366266633036623139653236396135
38323334666666653735326537303564306363386366616462303366633061623531653032373162
38343436633535613062313939646431353633623137663864306435323732636565336337653038
37383136346531653663663536356336646365323736316637343038383135373963353762646337
63626334396130356163643665653664653437626162373336376262303662336561336637653131
65636633613264333231366265626662343233616462343938663566663936363261373537616366
33393233373161373864666533353332316339373563306538396166396432396232343334373737
35376664376465343230323532346131316363376336356639656135626362303463656263306332
30336334633063373766396265653138333064303539356666373663653061393430653863353130
31323930343338633736313130663939393733376265643734306335313234313232623137303233
62383831323239666538383339623566633537663562636238343435363961323036386165363437
30373933383061656362363766623330396563346262643566323862306666343837366433303264
66353132623965653133653037373064373238326436666638383561326362613164333866306132
38343433646332336638313461633034356433306366323234643963623233333432353338666132
61613433323266343132653065613137316564323634393330396135306331303431616565633239
61333566636163393537326536666166303563663938376333336161343862373563393461313265
65323961366538386133376335393464326137636565396664646532623034383632316362333030
64646338623038643263643839323334373833343433306437333133353835666633376235373335
31353835633539346630313765633361333265643036653939393738616238633564316638346630
34316233323763343435623262353765313032643631393538363665646239393261333562343032
64356161626466333666626665303766616233343166623939626630323831613763383738646236
66653436373732316363393136636237393663353532396562663439623863363233316234343135
32376437633963656262393263376637616362383561653332643961303764373937613862623065
62346531313830393431613231383230353230366135393461373434303563626132323361323638
66383534616339623833633366333337623462656236633364303238383339316538323233393833
34323537313830653237316435626531623138363965326534386266353334373763373136306364
62396536626334666566396439666131336135633263663538393333333037333531633933636335
66333230636361336665653163663261333964633462393933373966356338653963623032303039
35663939396230326434653133633664393639623730396138653832653566613634383334626532
38626335643263376462396139373333343264633633316561313837366537393631316562636634
64323136653632396363643466646563666362373364646433623434666565326363376564303863
34373464393066323637326131643162636637336430373730636330396435323965303135393138
32333137643037303365386462336537356663626339353862643835623630386661303262643737
30376438376339316238306335366561656638313561626230303933316635326162
