$ANSIBLE_VAULT;1.1;AES256
30633064623639346539303832666538633066306165366237303363633839323937333239376561
3662376333353938373235333335396235386337396362610a366333353264656161313132613333
65306435353038653238353833376138633131343861353537343765333837363964653039333065
3066636439393532370a366334613062663134353030383633306437363663666438363138363735
35636464353565646236316166313363393163636135353730383666393737636666343138313062
37386433303031306138653338346134616335366364616235383366383265383732323062666564
66353234623232386466613136346462393835666433303832333162643130326432656265396335
35323732336637363734643961323330383533386532633935313766626239336461363536613363
30663461396465613232613131656163383734616461386565663830346234636437646564373166
62336432343138633362666162383764656465623361653938366239663530346530653361623763
66373035323936666639376261346431616136656533346538656461366362373638616266346133
39323538363336356131343439616238626431393930346562663839326430326234313462346266
32356134613730313631383566656130616162353637616234636564313939643064303662306533
30306537666162393537313939646135656134663262306532666162383138653035303561373337
37396133636337363531303261366663373961653566343362616634373837333335313063343439
33383733666336303834613161623731333264336131666631373237363563313934656537613261
35376465396265323238343031646531653664343733343763313961363232636666313132643565
33383830313364383138616533353533646138613066316637393635383737616631313465666339
34626262373034333132363236346138386539636435653133323131303732656233366239383162
62343337636235633565356565383761313034306664326636376334393462663065316636323539
63643566303133373537383161636437303738303335393566303562373461393132633565643435
36363163326337313432343333396566333331333266633135323966616631306363643138313139
35626135633832663761313165353662623633333931333130336332363535373431663966666230
35333532626565346332333431643833393666633962383834346334356332343233373261663066
64326333333830613761333139393264343538643539313434656562353666346363376138366632
61623662373034316364663739626133333339333961646365633535346462316138373166376266
36323463343535326136653532383866663133303162353464656137653630626536646339303637
35616662376663343737323932343536663839386663383239393636663165663662393536376562
34343362353635663632656664646438356330363766396365666261393535343438626638346135
34623062366537346233353338613864336635646435356335633833383466386261353034343636
31663734633661623961373535313234393731643735316264656263643631333436636664303262
39623566356139623064663336386533346565636564626331653063626235366433353562373537
62643962636136316664383430613061353365393532373561333461343338646261666536333034
33346361623133623662313264653231306531656332323632616238393965623963333364656139
63303739323133383233616665333436353536623062333764346238336665353363633837373565
33616433663366656637303232303535353639353466313332323335613235376533353334636666
33623865336635663666396161613034623364336531386432366432336465643335383661306461
64393430383535623832656161336434393834613966353238663064376333633639356434356538
35643034343638653930636235316131376131343332396231343035353262343636326337643262
63666466653832623661666261376231386633393561313539623230656439333135356361313962
33333361353961303938656362643764353530363934393339636434376437636366363638666532
61616337636139623036333566316434303564326264356135323161343264323864343839633538
32616365663863353638303939633434393764323632656331626261363462633638613031303266
35303530343161386139663930353834346234656135393739613539373561623131343266643364
38306632623364616464396639633139303662373334313663393736663165353837653133663864
36663034653639356534636661303235653235313132663836653264633930663731396634303431
63626163373066333261316531323163313163323435363830396334393765393462366161343263
64373065666461353665316234643562306339663736373563373437386138306265633361666463
66646638653865653636393365656463313766656461336236623763376436316230356436613161
39393861386334303961323234356365613838636232636161316263396263343864663966666430
31363735306430663162626536316465306163316333323666356538616462353831396464613835
32613334376461303230643766653632636264386333393233323236643566356162663336386336
35393964373031323731353066306336306464663138643235383266333137623333633837653036
33666631383462306363313333613033313532643766356164616634643937316632633465303037
66363364613931333262623266616133636339323064376638663536663433346438396336656534
31623237643534616431653831366164643132353762323336353563323366396633613033333531
37396138633335326661333263323563646365393934613938306664626163666162653439653536
65613262636565386265663365643534373363316131663136343163383539306664626536343633
64336566623434356135386638373733353564303438656462303932393732363335373631646565
32663531623038323934383263643634386131383737383266396462316162333135343563646237
37306530343737323730303536636533333265323339336434316264666238373733663135316537
63633137373139626232623965333462316465383762653161636135313132336431326263616439
64343330316137616136316264653234633539353438366162376437346563303139376237366266
37376639353139633933323461613637623133333366616166636366623637306530326364316462
34306431653138343137396232346137316634633039633234316133623661636566306533343064
39396362653238343365383766633561366265383862376332646636346633396533646235333466
63393239303735363236656636633036323961613066623863343234626237306536373731656232
61616235623832636438386634643531666664333864613864373164613339356562663065666531
36626633316437323231383462333034316264326139666330326630353034353665386464633831
39383635623466653630336161636338316431303431326339616233643230316665396161346536
65336266356436366564663139373833643639363831363336636632653764326631386335333332
31613638633039343133666336306533653836353734336131323463383431353438616238383539
32393064316566363136636235613362383635653230343631633737336332623861376566366364
31363238373831393566336532363531396437666130303330353463316330616239643964656462
31353665383134313135303635373935663839356564346163303339333037343530633534363136
61383433343865633464376237376632356430323962643539336664643265376239336466656463
66356239666563313731326435623162366264326663363362643565313432336339313265343862
30346234366564623961623766636431313965616366346634653833323533643330653034633762
66316231653730393039313661373132386436666363303739313632353937303064313862376162
30336432643663396636306130393331393831396532663632383530306234336663396362323434
63383839356365396535663937303739343333323236623139646632326266663062626264383233
37373532393038353164343836356233343836363331363037666238333439343033353231636665
31373032306331346639653662343639626663343961316332393235376637316163626634383664
65373038653433383737623561643536636663343637356131303033646635356433646361393837
35306434313936336332303163366463626261643063623835333133386433343530316331333135
63393032353239626364396431623439393339373932653131616465613137313064373964393162
31633962306538663139316530613235323733353030336263623434663538313931363766666462
30373638633439356334306666636339373964396665346239616639633336303962613764366661
64353866336530393831616532356561636333373463653335653136353133373737646635373266
32346361623666616538343231623864333730663331636265373337643538316535366261363363
31316561636534326139646365346265343530326261623538336265653264613039613836633734
31353266343062616234396439373861366131373532383861613431356638373734373737376663
33383766363633396437336437316462643866373062636364343536356135326362653565313530
32373461393237373766653433633034663438343733646632386538353538356330306365373264
35373431353363616530386366396230336263373035653561613536366161313037653835343864
36616266343737626132623863663764613664323432333964323835356163643530653666323561
38306439323031623561316338666532623364666637623334633033316137366333383366613665
62373635363136663230636239653337643638393165623130663331653064396635333665643564
36383736333434343433656332336238626336303133646130356434626136643137323338643866
61393134666436376566636235613538663932666364636433646366323566613038623731623235
31636566666637383263363765346637386532653435363436373563653362636633323361353763
31353631396432633839636164343534656235303332613038306330376133613431666137623234
39646464643230303763666435366236666132326139656233396263626231336465366638363332
35353339383965326535303339623963363034633161393537656232646365313561626561626266
38303666346436373435363565646165313863306531356339383431356465323133393661306566
62383162313462363463383436333332393266373266373731343033303564626135333261353232
62303039656564323463646231373033353536366532383435386264653933346538396663643266
32333765356431393832383132653266643865353636663633353537353263623936386661393434
37323134663936633335373731343439396666613235333166646434656365376630333361343933
35373738666637633238333831353833386531326565383836636261316236363462376436613532
36356534623862623131636337633737333135393430393531636239393961633265626632643031
37353131326464303532356635666364393865363764393861613930626133663735326434316631
36666330386332363037303665643766373336373464303837376436663764623433346262366234
62643536363736373030396231626161623161633634333835313864326433636439353961313461
66643937346665623230626137643835663066363165663733383435343865303064643130323465
61616265353339613137303938373663386536313233663034616535633539373734626533336439
62343739306661353633623866343263343061353361653934356534373364363732623539313338
33373261633766613130656231623362636637666233623461663531333564613138336334313438
33366262666666373333646466633534396130626136386639383361643236666230376131313163
34653732356335623937323535336434363638396163616332623334306436376363373262336163
66373461646264643139656161313064363863313139633337383061376661353035333163646461
62363766666136633139626239326635626635363634623733383930306462613066626439646635
34366666393866373331663336353037363330636361316436633934353138356235356436333332
36353862373433316137383432363665303936643733356166356538623162346430303233326163
62386530373935316265313235613963363265393939323236626463633862633965336438323437
64643734353463626639643536666437363962666138636561376237666638623439333430653964
35373364383161356638323933393735353338313230626663633161336666653163623035623930
38653433393738346563656330326365323837636566616631643832653939363331343636626238
64643233316565366436383833363638613439643634313735363034313166613731633037373432
32626235393231363135383962346533633362363134326237393764353233663961646634303039
63376163343731623937376233613030626232376538333730643638333033643834333930393438
33613036343837306335343464363232643833363966373263363733663066653163313534656366
30663665663434656230303966616530396332326134356439333465616566353235373630383936
3930646162646430353964373835393062336236666130633133
