$ANSIBLE_VAULT;1.1;AES256
61643432363234313238303964356166393539643239663436336333643063626631393231633235
3562353666366235623931346362396533633034393737370a336639393064316431383531396339
33373933646233303266663335646138303435666639653864333863303732316136643635373064
6465656439353634340a633937623666386238313131613134656366636464356239656334363364
33343738336436616263373165393162303730633231663736656630666433653531343135353033
65383564373862626163326238323062373461663433333535366333613536653939333531336163
62303265396262373662306430626638636362663830383137393138336662346631653063333239
62666235393838346134623962373962386666646466306333393535656435613437666138663263
62303536303966386163653062636339336532353461396461333833306537343964653934623066
35353635353166626365653666613666386164363835613332346434613032616431363837366637
36313639613166383463353733336633653438326331396665386163336265326265616435356665
66386630333665636461653930326362636232386131653965306133616163343636353862303830
63653938653662383038353639316266303231613565323932653439336638326435373539303366
37353365623136316432313166656132616631323330393432326632633139383938373031366136
31393764363864643433353136653862383732323134306238623364373364323636373333326336
33626562386163353432333864356239386464373033643366383737333330653437653065306264
62623666636266343735333662313662313864613230623265383163636232376163373765653961
64376230336430343061636532386330303665626632396663356565346232646130366430316466
36623766353661663939306231323033303561633133363339323666373634666366643036323739
31346331343432363838313030363266306337623933623861633734643864383130353062396238
64356138636631663531616535633334343064343064656434323662363832353766393734343162
38353737303065626531363062656633396238313364666138353262646565333232653163636530
31373466623233643661316666343366306139363562373238326364656334653830626433323532
63353833623139356334326639306135386266356162376533383465343838633133646433613662
62383964616461336562313233343836303338653764323863343332653832623734353435393634
31646439643761393033353366336232623039633134636562343965383665376535666434643834
65363062383031393131363562383032653338366561316437613466376433646365656334326538
64313032616438353732376530336262386230303734363562653133353463316565626331396634
36353134366637326335653139626539346634636165393838636462653733396532333163373263
39666439316232396261373636373230356337666164613361313761343364613463323836316233
33336434653162613365636165633437346639393535323763353766356538376366333964653365
36313932653130313930636231386131303662343765373736376630353433323366393438316364
35616636636563623765343136343133386537303565316135656566316332363162613032643963
61656232623238346630346561633536303766616539363633646530386237653165663062643332
64366231656130353531666164353765643061613431643133393563633364343465633561373237
65303263366665386430613537303362366466383630363532386537623633313231633438373761
33303365666437343564343065356232656438633965626437323034366265353035366563323935
61363765303538323337613034353962386436613562666437336638366632666131396663623962
66356638643666326335393136386132633538376234373266626663663430356531663338643764
33636432653262343537616439663662323032636338316463613662663737383563383664363232
39323436613931353734383662393964666265666233333937656132643063303934333835386239
33623630326431613264633833646436343731303739633939623135346437306536313339376233
63383135386663653830643937346630646436323533346333666631613039313535396237336330
64373762373439623464633061333861656136633733663737363231363737393562656431373335
36636531613933376437366433333737306637343963323064333336313263373031613462636435
65663839386332303861633135323533373164396139336632653364383162343536663138626430
65623265383634333961623030353932383133313935333530643939363866303963376433613833
36343137356235643263653364656163656231366633346635646337306436633832353138393639
61633462336663656534326164356333663734363361333830306230326261323337656563623664
32663735613735626463393536393265313835626434663238353462373539366536316361653535
32306132643930663838386338373536623530346432373334306234323435616561303065333531
38346631653131643932323136306330373065393163316435346139656537343862623138373737
30643838333138613634393332386465633766613530323861346137663539356539393263653562
37303631353833363961306432663765353637383238343634353132333561623332623765663138
32653863343732663131383361363834373036386561353039383939633237386537303365393938
64313435313436303165326639623035643735383232613939623862616537626362376533653630
65393833343638656166613866643362366132333832343437666333346165306636383530653464
64306661396138623661336230363531316263336362633537343462353636663632633734663963
63323561393134383265313264333765333038666130313235386432336637343263313562643862
31383365636230363334653038393965653864383063393366383666313166306139353662616439
36366339353063623965356437633961386634343161653462616565623932616165373839623336
62366135633338343738343333323537343734643539313438393437386530643538343861333231
30643034646430396639613533313238393261353039643136333432633333663633376365613565
62386566663961386265373663356436366262356534333163653639333232636430633730393838
32346166646530313365633936643264653133353233323830373739663764653833666536313163
66636132646631323439343739333732646363633733326466313333623261623362306462303635
62333835323135383433353237373963343864373663383734343134383138323533333666366131
39366263656237643938643636343565333263663362636238346162636562656366363730313336
32313466633863333765663839623830323736373262343166363434336431383065393665633061
34646562643137613661643231356331323938346536323466623330386232343736653733323166
63333761626163353232366631393163336635383731376565333431386461633534366563616635
36346539383537386464663664613435306362393365633563346339616362333130343739363535
38316363646165366534646366363862393462666262323666333963643661373537643834363365
31623638333963633236326638656238396239396562353237343431353861613164376562393837
30306530633937613763643536663134363563336433653631613339613262326132373965326634
35666438623536613538656230653562633731613938323830633530636434313731313862653430
36653230353461383632393932356531343532343634646532386335316135383933306362366535
64346337623366616530333734353133316361343363653234343863343861346437323764636631
64303231333262613030366334393335623538333165306664633761333631636633313837306338
63363832323362306133396234363662653866303231303038653162343565383362626432323336
62313832343536303333623733633537313533363136653637633532623636336562393431633835
65663738346237623139343637613362663530653863383063663561343835383732326236383838
32623034663162363233353864386361613061386132383333343265653135646562616230343839
33326638616534636162376236323634666661363163363632396365373764373966393130653235
33323738316662343063396637363331653937623630306163323439383737386233343462626432
61663938386266333862653531323561313033343030383030626233363464353238346561343338
30313930376230333065373365666163303735373564633036323066326539663235323066656564
65343038323533643537373766313631623861646635336639306261656364656134663031656238
39353335653762396533626438373764623536386436336639353930366465313462613731653330
34393435623935616432666530313834633537656438643836366466386338373334303836333436
62303366396635623039363331306463346362616338376263363630666637633734666464663030
36623938313565316164383432623565363436626531323230363861323131373538626435653937
35343037636132663762343237326363626164373234333062366131343231373034313261656662
32313837313433366638396665653162613766383437366231613639323637373038363838343964
63343166393738316534333835313939353163623362646366393964616635306235396438323233
62313663626161323364393130346265623539646336623861646164306330343065333132653365
64646539393034386230633965376561373363323135633139666333653438383936396639386561
61623337353665336638393334666536323334616266343531623034316232343166396235653166
37396630326666373036373265663435343465353761323839373230346161646265636630633139
31633265363864663433363230376537363139393334363736306465623733663063323837373066
35363464613731623138346138663864666335373562393038663362633137353930373064366437
32656235343137333835376164666463313966376366663661313733333463356362616366386134
38373635343839383764383137346661366533333464653232363034363139343736326165656163
35383466366563376362633430396434376562316330616534623765353330376236666561633765
61393633316232393364393962626234303839336565363039653130663433313831393966306664
65376432323664663032643165346231626439313530646335336535633361323137363334663237
63383430316563363033313262303166653331623730643366373436393335613561333662346230
65343237393135633366643330366465326565633463633165333364363165656132313438353562
34376335326639396539646238666236616536326131663461306266376164383734316661633366
34343462303535613565353932636262393132353064643331376432663761343861366663363536
38613262333639656132346462636231616465636462373333643334313861383066643639653164
65646433613666663366633330643763306637356464363263356265616661393964383638336637
34613465653331323636653331623230633465643931623033663835616233353262306539396439
65636233663963356163646531613061313434316137356437393862643733623963363339633935
35623336323166316361333230326330643635653731616338383964623961333461346461333639
37373632313832386233363238386634376332303062373533613738666262663033643333393130
66323930613837613132626366326466653635386161303338643438353538316237303630653632
62383139626633656362663532386632363465333533643030653231303562303362623231666464
61343533636361393336613532363166643266643064333964376464613236633836316136376362
39373030326263366662663134633137343461343233376233646531613863313138326464373361
33636566383734663162366532633562383765323130306638313630336661323339653466316532
61353233363935646162316566306666323837666238353231303966323533373761313061343066
38653131303732356530316562323234313365653832343531636432373731623233336335616631
30656134633433346662613435613438336661373365333862636436636136323165306563383432
35343961366363653233393462383932343361313239656165323837333233376139333830633165
38323738336239373431656266396462616233336431616463353364636432333066306433363965
36633433636338363065653462393530663933353063323434663135316430353537666636313236
38626462623037373838616536326138376535333737666665656330613737623737633532643334
32633736316438313665666339383437336630393262303230646534616636623763666333353938
37366430653535346433353763613337393164623965633333373236323562663633396435343435
39636132623135616634666261343333616131323536653030356564663966333766376132373730
65353539646336373164666561636335303837343438383434306438396262343762336539643433
30333062396261366239343536653937646336326164613864316337663931376137343432653731
35346537386461313331633764613433656139633039626634613232633530306339303262643039
64393262323435303636333630626131346365636465386661346664316566613237323430626232
64363535323936653639323264636630303337666632663461346430326266623462623865323466
62303164656666386362346365663866623064616461383031643139383234623832303262336235
32656139616266353737316436643139636330356466326564616439636165643839386661666666
66333137653135336536333638343234363730653339333532303261666434356533396534323032
33316630373532366464353039363564393664313531636339376434396363353136653463303466
38386434396565626165316137306164353637306264653766353834393864623135343264326234
38336435336464323733643435333230653638383363326332666264386565333238343439613262
61323535656232373038363565653063303837643364373862343765633533663638383863663661
39613336636261636565623763363630666332393065613932373339396664306262333366613637
61613437613238303230633837323063373336613665393262313031383761323138346432366230
34663861616534336266323234643464323262646532626162343763646361323030666433653366
31613833373635613861363462313637333234643639353366303239353666363964393439656433
36353737393237376433653537393839646236343636356631626139323163323362643532613134
33366262623565613636633833663064393162623662343639346338393330643465363934633065
61306564656335613830663061663730323631356562376439626138626166346465636535666635
34313239666637613862303566346566343130636233376431646431356536313639623830656161
63336563303235656437343864363430643636343034333564626637303531383230336166343930
32333838626166353830373736623239373461643831663465313630313930643166623564623864
35306432663963393237663933346239646235636335343937376335626435336430316366393536
33343864383161363663363138336438333264626138343066356163306364313364666165613834
36626631653032323264356332653533393133623661343234663264633062623337613934646266
35653432323036333939383332373931356563613033633439313731666463353939643730326132
36306166643161393436343862323163663432633530363233383631346439383336326565336237
31346564363661666431613734313539393637613930613937666434326632656461663061613465
61366539633265303536343435303363666634636163366336383733653464393134376165613566
62393263333964333062656364653438343532356134363038336365323532383939343830303633
37363735323936303135656534396430353530623230363637393433306665663239656166306334
63643138343733366434613139623637373932626565346635656634633238616362323565336338
30396261313562663962633332373132363137613062616435336533626336386436316235313930
62326363346662336130373133306534313063316164613266356264636465376465366466356337
61303632383263366666306361376530636263633731613563323739636636653631646364643562
35313936326262386563323631343463393039306530613131386364636538346631383033343439
39303735613135613263663431326466326135623439373166306364353038303138653262363939
36353765393635303338613162663530366265633265323138626437356633326263623938303363
36643338663332333665366362613038333866366538356630643562316336326330343532643962
61323462386163666337613661653966336261373564613461653664363131643163366266626635
30326562653562666662623434313762376134353963323837373137393663323861656532636235
65326263393834363635343461633163333561393164363431643637633833613339303338306364
65363531626666613430336337363236336262333633663062376534663433643237353765363030
37303636373137303632313461613336343762386166396161356364316562656231396161643635
33626162366361336464363538666666653566613463323637373861623233643237373237393338
37643233663137636565626534663439373438393539393864373535666563373435643834356164
35663432373939623464313463653563316365613538383337623638366631656630636439376537
64643134353163386430356634626364306266333166366265663331643636386532666332393339
63336237396466326566316462303338613134363263393939663663323932396463376431336132
36326136336531653530353439313334656464353639653739343062633563303439616537666663
31343636396431663238353033616264356537313661653564333038393465373732346231333033
35636239363339636232663438653664353262343233366562643434336664633966396361383931
38626562363932343332616663643563313238636131666361646661656532656539373932616363
66303562396463313539303336653438383965613261366236623263366336366538666239343339
66343463636234343238363937353535373533363632303438393337366636653531663433616634
31323337633133616362663732653334303463386232623666633633373134353564303564376332
35323934393630636134336336356638666437633136376635636263623530396365373863373762
35376233333164663265366533623562326366656637636131396331623633633764653338363430
61613533613164623637623565323338356362343834616432636137323064363834666635383036
31336133353565326137323838383936303334613061643531623031343865333434656137303730
38643264613835393631663632346132326265623035663639326235356334623161386165613837
33393738356630303364656237353732666561326333653731373733313035393633646538666666
61623138653664323666666465373764393966656537653332656365363230636539316332316439
32363331666535363064363136313538333866633133626633643130353736633264303339303139
66613533663464663434633731616466333164346162373230343336393364643330623039663166
30663665326664383236646563636238356162356332666330643362626232623833316134346135
62636262393830306632366236336666643865323263646266383036333331323739643139393565
62393164396565666531313866303731333935643237663932396238626130323966656134303238
36656532343531633630326365346465623435393137326161313834613938303161653535613735
33643563333933646365303730393933633530643330636331643534333730356633366339613630
39653465376561643266363031613131333863336433383766363431626434646238643836613762
61306266653238373830653937306461376438393664363138376434643031373134316331333536
38386231356633666465316161356335613535323233336137353461383038353634323137633965
35336236393262623337353934613632316164353831383662356365653335626236363538656365
38343532346535383939373139393462373237303365373365613363376638313436613765653162
32663564366565633666386638656138396133393061346165396361366163646335633831616362
33653262356130303836633432653733363337656530373731356663363834343531346362383838
30336263396666613836336265383139303231323433366664396437646639313131346265666532
62663664326639336166333835653662616135666465316564396233633866623765653636356664
64663436373765323235643534643062653661323139663930643336643062616563396536316363
66336239326237616230646461323338656533363661343662303165313466383230346134646531
64393233363934616332353863396563373937393531376236636438636335616265643435643130
34666664303261333530633366373832313930343637353362383130656538396131393235343865
38353439333637303134326330343133383666396539363436303433623035663864336338346339
37333064313165326262366334363335343337643363616662353032663530363637653439383339
62343939313333323064316466373464646138316239333061653634336335663862336435343539
33333335303562316630396537353563643266303162373063633035613930343837313063646433
31396531336531333739383666616564366564386638656334666433353264613231383233383230
33666435643236326561326136653731636363366133643066376466336632366262643836663164
66373061306439336266303937383837333765366633346533393164623535333639613138653164
39336334393331653131313266356465336533383463383364346262306165336261336663653737
61343335656238303938383930383434633935303334383839303338353465613133643838656236
63363562623463646466623062663963373935396534303134663233316466353362663466636461
65653763393836393965653539303836333937646661333833623464353731386261323362323065
35336666333762323963633062663034333563323235653733636564666261323535643034623339
37363935613238336662636637313038386136656539336566663035646365373434616434376266
63626434306431326634373131313766653161346436313966306137363935656434313233373031
64306231663833663039313966383136363365626133323634313337633338373633323230353762
34363638666532633336636439633838326334313535643961363063366463346539363030613730
37393065656661393034313866326437646332316136313163393033373061343430646462303330
36613135393438666466333532323162336339646361316532363464343334396234396463313432
30356237323065616236653034636363343434383233336462636335343562346538326263623031
35636331356430643433393138376464653838343361356264653931643533323863313162336134
61396138316166636638323961653935313266353332306564613163393137306366366638643736
62306361353537386464643230643332333938396235363533353365346662646634356330346334
32363739633634363138363562643334626536383437353934353932656662626437363761323764
64363163613339323634623436303565653065643935373230663163613837323139353032343664
61623065633432346430363465353361343833636438306163356364353738626365376635323463
65643162323731333531636261366139363665353831663734616234346239653661326631646337
33653931653730323066633462626137633935373530343363326430623136313033643763636333
35643665313435366536386133306330306664613035356262643636613830643363643663393233
65303561353230323336313865646433643662663735383864633566653233393962303664613964
36653035383764313465323364333762346164373031386638383231356131306661346365393139
32336461303430633039353337386366663739663865623639303630636536656131323430373836
34623330633063613965613737393636643637343265663137643731663630306638313738633461
35643263366238613230633437663862373062656133653133373538373265373963616435636438
31663831303263333536393161653763653631316132396665346339653762663332666361343131
61653364336564363238363134623136366465633162333835343339653234653532346338356632
31633830383133303437393565303063656131326230633335353565346165386139376464663965
37633832373562643732636164323535646339666634373333383834303538653638663738326337
37393433343332653135323363336635643866336361613231633337656138373864373762363732
31343562663836313935333331626265386135663939653066343132623635336136663238636434
31666361396465396262353937316438346537626135653264306664386238353565646265313933
63633262383363633038613937336530393935353864303864373931306533376565336537333262
61303066303934353733346630386662653035363033613763623533336436636632336662343539
35336239323231336237626630353432666434653763323733303162346138356131613630363062
62643963343933663565333432326363623961353230303533653138653035313335346165326666
38353534393037393030323038653235626334383265313965666365343465366335316333366135
35373733396630363431636332333861386439326138393736383039376164336230323964666632
64336535646532646363303332336666613135396533343131326234316433346361326533633866
31663565623462333435386337356565623039666366383230356237663966386630303462313763
34316437613636303238613834316265646262313339326435333234623432333162623734356363
35366436383065333637313633326136613438333232356362343035393236306439353934373433
32313131663261623531306339323934373239653032646239363834626137356535643666376334
35376134633331376631333966656531343933643565363139346365396462303063363034653665
64613230363861386138323766643065363736656634306630666566373636396537353933636133
31346362363666303162353336663066643930346533333930363635643231653039383737333430
36336332356133356331363361646538343066376539366436643439343730316531636165636639
33613934366466373331376263636532313435303935383436636231663431383165636634323932
61303666353635663831663939346534623831363739643838323937333362373766303032383239
65643364666632366139333935613336646637373961316335643039326239363163616138346361
61663334323661336530303064306232653664663763333438363032373462323361323732323237
36346465343535663366663765626663393837303436643161303665666133316233393162353266
35666364633965633632366632393531336139393861623839656632363265363862623962323735
38333961623965316663396165393736636531623035626561373932323338346532383434383239
63326334376632386231336639363836626364336664306531303162323037333435353738616538
63633238313936393063643935303835343365313830616362343038663438333337346135363838
34363764643431363966393336303035363832626533303836656432633035363364636138613637
62336539393438306366666234366533373333353337373932353061373535303961656265346164
62366634333335636162643865333533383030393163613430376437613166646165383037353039
36396535643137363139636535633966383431383732353932303534363331393938383966316234
39336565313362613465396633306631343130356235356230386361653534356461383435393932
33663230626264373239373334643862653938353338383637363731643533323339633936383735
66363736653131333939303837323764643733643362366333313936383231376130333631626238
31633231653037613662336436373763306262663662343366636539626632626464366131376531
61373861376331383538663861363566646335343138626465303866333536356633666230643462
30643031356666663039366536653637313463656138316437623761343066656639346437323234
33616137383663353632636266656463376466383361366631626633393430353630636265633938
66393430633438626139623133383466616231656261613932303262633864653130386532653537
66663735633262383139316466346634356466306136396539343835613361316365623135373532
30376538653235356232356337623061663232373763663865643135643534643733373337613631
35373464333833636561373363643263333561616432323037363231613163363761323134363831
37323534326132653564343366323262323730616137396264383136616132636466323263663233
31333839653835376432376635326330303762626431316438623535386162353265663635373534
36643431383736373265303032323239353466323039316431623639633864663265636233303833
36643866353630643135323636616333646335363265316630623832383332663335633230356633
65633164396365613864383533353361613763343639336266633830333235626666323336343335
34356666353436616638616132393137386561343432646538623863666131643462323437313663
39363362393037363833396461303266303066306231663936373938643238633236323333373532
65656231313132323235646265626665616233336533363061643135343239363339666235623936
61663730363332343135653635333835336162393939616131323264386162623834323935623836
36383238666466303638396333393665636464316535366233653364616363653133323136343265
33323832646434333765613864356239346466363036653438663361323564373862613531663966
64636666653166396134663130653435643461316366653637653361376663633662633262303135
39333439653330623662666238363963623932663036633238653435353031653864633165333531
33373138393761656261316461396566393934636162373230306661356432303537333736313630
38303766623738306439306638373362383338383363323361366539646130636330373639343763
36306265366432646539623663303237316339333765353433626361363034353738633634326433
34363132613439663439653437363561386530363330366332656235623230626139386266336165
33303264306461643963633330346237306661303930656161356536636434643965303362646438
64633433623430346632343639316166656136343237393639326633656630323838356264653436
39303730356362333132663136633839303430353038376365363734386162663565636337656332
37643866636539623033393432376430616635646639303266303361323331343336656135623833
33633539633638633239636336326635356666353261636633343435306235353964313965616434
61623766323538633034333762646366326336626361633437613335313634353039663765393762
65313538623137633834393331626632613933636564326635333864356430633837616361643361
33646235653132663066383632363935653131666437336465656263393065303938366235663933
62313536326535636664343139336236396437336230386134353039303233383233333061363338
64626461306133346262343564653963356639373236386434303038373564343435333430386664
66613135633036356535373936356130343566383264373234643665643666643335393938656637
35306435306234323833303033306331323133383031353230626238353834366464663834386634
34653230323330663531616336633438616465376263633432303166383966666633393331356634
63626133373466363861356231306266636336643039393833376232353764663663656539383861
62633064306230656665326361613033386263313738323234646465363963636165666439663731
61663930646339393561396666663837623965306536343362336235363636356338346431303964
34663866343964383861303864666436356562366432326630663637663834646538626163373539
35316638366532303338373864316138333839643630613462316237343563306265383933653738
36623139326136366235353839346536636239336433353631613435386533356564393832633439
38386434393634383638323539616533343433646162623863613336333864653036663964613333
666539346239663133643665306436663835
