$ANSIBLE_VAULT;1.1;AES256
32623835626636326234343664313835613931383566643530643139313830396565346633643566
6536373534383837393039356635326532653433363466650a633434613237393334663962343931
33653939623131386166343561313666653238306633333066623161373062323335343531393130
3132613261653262330a373662396536643235346466383833353435646635623165636461333139
61356539626234313237353237336364643637363664356330656536643130333965396637393237
63656163313066373436393461333534346337666636623030363662663734616233643530303639
39636662613566656265616130313134653265323632343131363435373230316162613861326464
35323337346237303037636133643439366461633666353432323762633333363065636136383738
63646162313761326637613663326261303863393662303037363335643737303665366162623262
66636162643932633431666363336436346661376532643630373164303130626661303364306465
35396462396465653364303330373164653933646530353933313837643032306164376535663534
65363833353030366463346230323339386462303938366238383737373566636533666366393332
63623031653430626636316334366637376364336335386561326330636363393234616639323931
32333861643633393038653737363533393164643735353831636136346338323735373633646261
65613339393836333137356164613836383835366364653639623634323063303537623563333932
61663231633666643962306137633734646435303136383639353762373632663037363533393634
61623330623363313062643933363861663731353136383837383735373032663536333330363131
38663262383764313264666533313934353264393737353463396133353264383235623464383336
36633665636634343537666337633135663632656135306166356332386464366635363136313030
33333566336535316364396235396331326161653137326361393866636236616239306631373130
63646639633461653139303934383735303335306562333638306265393834313538303737623233
62356139666266666331653263393236643437643434333434643434356664323534326234323539
38356632663133646431633434316534363266336138373162633732343562643838636239613064
34386236623137343261363939353666316139623065323764633364663561316230396434383764
30623566346663646638633061653731626231346266353230343065326264333866393439393763
33383738616132343066356431656561626530333861373539613938656565663566623766306531
36663262633231643161393161383666386162316135666536643331336237336538616561626361
66653363653738343233316539623263316365343365643930656565623065623962633732376662
33376336633365643561396133383637386537646633306665393936336235386335336161623738
61323937356464353931373133306162396233306436623234386337626438626336323265383433
38383361666438333338393439393033383631386162343938643735633666333735303937613730
64373364393866326332396436636236633830353861363630613738333139356434663265396363
34643463366532636137643061303032626433373666333932626435366138393763313735363638
36366531633161613632666532633037353462643666396138616265373938393436313837313137
37343536366664313464313665633761373831326334386264313837646364336531646331303238
33323364343835373663343539663837393238643534363466616264646336373561313038326363
61383434366163636663646130623364666365643739366464646139366465353335613465326430
34353938336431363064666330653266383336323931366364373531666333666334313664643235
34383933383364623034313331323962646136346431323739366631363263613266383961623637
63363634316130343537643463313932386266343537656339616565646638623037636365303132
63356130653361343330643665333939316239623935333436393839353136303933
