$ANSIBLE_VAULT;1.1;AES256
32623265386231386135623664656166393037646666366237663734363763303635613633346365
6661393566383538646234663832323332653339393161610a313034613232316466633261333461
32373138356432623264636661626533656330306164323837303563306632336434366261363561
6266336163623735320a323031316165646531373231656163303562376566366531643866646265
61616636346531653266643237373066366331613539363661393631323062383436303265323334
66343138633239303837313162336230336665313339333466353866363237643736623161373434
61373933633731313238316231636661653065326661333636623333303764353362396561373662
33303764346432363464656138383834346537613035643932313961313237373062613234646631
35353862623864343239636337623839646533616339386331616564373836353961316461623262
30383639386333336262313637323334646562613635633237373235326338373932333831613433
61643730343732333933373464626665346664333739636266663562663662663664373732343865
64613763333138306565623236303238613839643035353435663639346237666437656565333966
39353063366331316365346137366439373062613861396662333462373866353734363638383936
36323030663739363537653161623036353136663065663337346539396632303262323766643334
31363931613539346139616264386135636366353766353861383733623231396165373862303162
36366632363534313262613362396630363336343830366334356465333534396339303965313465
32633737333836316330303832353130396365373839613132346332353766306533373934366435
33303437626632353938666365623239636261623637366637636262613263333465383661393263
65353965343136313061333666393430626133616166333837363338353332376632656361316532
62383433663434653534343563323663393132363331336565316234366465623463616664393136
33363034633131373738353362386563633434653731313333376636303266643233326164346639
38313064383737653766323266353464383065353834636331373537386264633131643438643437
64613135316135613164393338616362303737376362363838383334333465623561383763373730
39356664326639396335333238666135663737303334326335623663633362303934636633623862
6662
