$ANSIBLE_VAULT;1.1;AES256
61303764383462353065373532383939343866373466303430323966643664626631613465323136
3733623532336465353035643738343739356165316262360a653463363461373331323066323236
36386639666662363662333665313966333861323235623032656166333964616631303838666132
6536323262313236370a343235333533313061343861636336383931383338656432303739353665
65666363303936616366636535623665663234646438346430363238646633666137633234343961
61663361313334323565643462383032356330313432313566653764656534313561646535396131
61643932663865373762373039333963623463373731363161633166306132616561643836653435
32373733303363386535636462326533343234313362303764376235313732313135623533313136
63306439623663343563326533616562333565646139623632383663613736373366393537656132
33316134656361313562373564333565376263623931323338373630346230323065316331326136
62386166353739363232306535376337373435323537363130303032663037663262663439393638
33326536313036653235623734336130356330353837306133336136303835393066333263323763
64336264663930346639343437323633326135663961636163343634623133356630643030613961
63383730323464653863353566613130646135393232333862633430303530663734653239633766
30653761343661393532643361303161303135653963643036636464653466636665623636336361
63613035393264393731303839316162633538333133353132636338653339643433323232383662
31343961613231396139386265643437633839323861616466653639326330343539376565393834
62376633363364613835643037346638303064626438363436363836643062636538323037363132
33303639636166626165386637316131313238613230323931366237343934643138373164303832
38373861373136383338366538643161643065613136626332623830386238633631336362386532
37336364643161316437376534323930626434363663633232333364383566633135323432356239
35313663363437303033303837396537346631313236306130643761316435356466396363376133
65653730326663313866646365633531333135646366383661326161646464623736313739396562
30383238343233646266613634663937386134386138316562633639653666373537613436633932
30326433653538643662613135326332643432373830323363633666316363656562306263383239
30373866303737383636373133383338643135303363303430613737343862616538373765343438
39636132663062646463366139643031643033633233396533386439623165646631333731626132
62353238316562306538363362353938396531636366373933656234323638633837623032336132
36643939613963353039363164366636356132646163666264366661373265643234343533356162
39623939666463346632386631393936623937363466623137656661383535323432373663636465
30613466316537353166653238313163303262326363333164653962623539393963313463346632
65623032373635316262656330333833383061643466333430343436363163393434393036363162
61306361383731386365616131646431346633373835303163323262386431613631353866623337
35326664616531323435373932316331643333623635363166346335633837613535313536306464
63383138623135343335333832633437323531656238383165383632373338666638653661356165
39313630396631663863663834343636613836386138646261636431333561376139663135626332
62656464663461386537653332396631663038356536383935303330333439383663353936303562
35666236326333633230626131393335646165646639316537396536316633613732303462393933
61343830323732353138613263646633346430666135336433646239396639356532656565653666
62396263316136353963313234353437303066363732666130376663326337643932356236363566
31386236353162376138623362356633353637306533636466306534633338653565
