$ANSIBLE_VAULT;1.1;AES256
33653661653035303438386466316334323434363535356362313463623866616162353738353633
3966363230393762323238333133626264393430653637370a366436643837376237613664666336
61363834333762316433393234653632326139303434386631646132396134373430613633303063
3262323833643764320a326236653333346161613239656666383334363862333862623763333735
37343963323466373764636437653036653935356231626565643134396637646234303762653938
61663363643835663066373662303639393632383065643637376364323962356363366132623138
62323864353130613963653432653630393630373136306635346137346536663330643064663862
65613638313038343635666164386461363439356332613332636131383665663764353662646565
38373734646365663930613236373739633733316136656263353239663163623762313335383537
34363831393835613762386236353665623630373637386666393230663937326436336162613835
31366131633939396232613137326530363737623332326535346530626663393365626330633261
66633261643431353764346230356536333031323538393837336462326237653239353266396162
61326362323432313730376238613736316339353035373738386564623037323936303330646434
39646165383463376232353630626563656263356463323664303764633664646537616339613539
36396530366661363362343561393761303332393838383635613039623633633238363030383736
32613339326463396537356463363631663138353631393635383633313861333963666230363536
66663330336138653264623430323466643230653064326333383965356439363535633464383632
31623762633934626261326238636337346636366435663032376638346435336264633062316262
37313065303063313733663537663566646538353535386565346134653437636234646566306431
39373636353161396461363239666636646165616135386665383734383764363335336132666337
61383630663164643639313264613464383232373037316662643163366339643565306363323536
32383263336530663762643332633035633937613366373965623466663362613537313939313762
63636662616131316461386234633835393334313665396339306164376465306338373936326531
31373136616430333938613262616338613363613565393830646430316438376365366536326166
31633437613732643139656238363461376634353865363238363832643934396436343635656438
31363565643461636566656162336637386161396339393436336263623239366234623232653839
39656361336564303065633135623231303136396439613333336663643030363662383730653430
65396631353930346236633464386161343431363535636661316434326537373139623337343263
61303764326533303666646134626561653465613164663636383266353864313331316165313565
66333063656530333036376430303335643062653939353834616263396632656232326266643561
32313932663962393935323331373836613235636161653861386662316333306464653030303032
61626165396439346431383566313738653235626639366431376161326462386565306162626637
3837
