$ANSIBLE_VAULT;1.1;AES256
63343838383730393865353034623832303837323262373462326339333932323263323737346234
6563353563616363643831333536333733323336306233620a326137333763643732393161386664
38386338616264306363666361343063616336656232663262643739623861373133313063643133
3332633237343663620a633638666538386534323038666134306361373133383962356238383339
34343564626533353336633363313539643032356537316337333434323066333339333935663538
33346439613536333538333237316634383536366665396137636139623234346562306266333332
36636634646164633233363965663761336164336163626235636461386130383362656637636532
64366139653662396364363762653231393464666337343830646564666361653330646666646362
36393963626431323565646432393037336337643366373465396138343463653363616661366139
63333161353862626435356234636635343032613330363135613861363463333862393762386465
38646133393961386661386534613761386130373336623661653139613365323761616437613364
30333230623865303530396138303638366633653338343731633037616636343432333066386533
66393166633663633133313932303436316338383363323436643330666265353831643866656336
65383261363930633332313233343534613066313633313136396536386365306331383866353937
61373334663634313266653066326532323535646262376432613964303662376433633362396461
31393935636365333861636537613533616566623533353337353432373362663664353866373765
62373537396234326338366361373963356163346132633461363334333038656630366462373362
63393835306564343439666361343565636431633232643437656439386332343963653438346634
34333735633635373437303333303939393332376137373735363362323731303237623335333965
30326366383632636331303431363030343564353733616562313739336234616566663534366662
31643465336535376464666362633237363666663530363937356331386439376137646236346465
38323537353837653631363864616264386430303933346363376139326265626534666561336233
37646161396663653433353930623566313836363562646262363062373837353439373133643532
62353537636331363936663866616137636131643165636136626130663865666261336134353834
36356137326662613565316364666439333034623330656531373663613033326239633035643235
63383030396431653736343031653731313462636435376665383663653135633139366133313337
33303532313062396130316333353839663432336335643836626236626139333861653762373633
33313732626563323039636266313536353663613133383765363564623332303066386636353962
36313265656265663538323861653735616564663738333866346137363339303037393738316437
37383330396233363761663332623430316439306138313334373663333161646361353532656338
63646266663932383363303531313765653563613566643133656231633864626461356162636232
66636665643661613965613935393336663036363130386635356634623939343366303665623032
64306139363836353739316361366237633263373939623933653132316562313139313761343033
62383365313131366362663138393635643164303131323234616438303838616335316161353032
34333831633537613861386334633837386663633462333562366339393838313133636131353139
64636466323064343831613030653232663665316464306464333335366663386137346661663138
35396338356138613939643136323062366633383336363837663437636366326233333663326666
34663165353037623261313839343733366633383863666661386265313863363231323265306231
33313161646131616666636566336433616363633934396334366132323836666432383265653062
30346634636466316365363131626566616437656539616430626635343435616635633866366364
34393536303539663033633433343866376364396635323837333563353431366631
