$ANSIBLE_VAULT;1.1;AES256
35386536383961386232376362383436323365376634613230306132333634663137333933663437
3433323835663265363966383835336334616235663866350a613665373064366461623134643466
30373231306366363839306165333131376630656331643931633761633332363038613632376336
3464343430316230650a316630653464666437383330346336633432623266393538316536323932
64656563373363623962333464613137613539363966343463393862613361363530353462333237
63316563363530666563343636353838643464353939356164653261376138306534356266363064
66643237393233386232633666383634363337386232616361666562373538393263663339383862
30353739303531656238643033626263393633336237386530393038316262346561366232313738
61646438303162313736623266376133643535393931366534656337336461373662666466633037
30653230633061656432373436303935323634386539346166656632353338626331663430386636
34393765646138636137356134373839386133336137326136656534386434333463316161393432
62343532653961313431396632393065353430333035616232653061376334633464353432316461
30363233393934653939626466623065613466393436376535303066626537663632333735373434
65343432326534326137353334333438346536626637313834363761333965346361303737393838
33653261396537373433636365643938396334353739316264363032646235633238666630663132
30646330373362323866326330613961383736323763323165356365373133643932306238393961
32336339346539366139663937383436393739363238386632643866623937336431376265626637
32363962613635313132336436313966633734616665333866613864336364376666656632386536
63313034373061663464376135613936666138343634346663313132373461333934363238336633
33363066316534346632313936653632633961636632326532656434323835666662613662393965
65353164313935396537306538373234643862616363323566393063633166363135613863373134
64653833383163383430666432313234626361616165333838353665666636373633613434323534
38396463326239366363313235353533316230336564363838646434626230383535613236663733
66653861626163333134656565373533613831316461393834326633313063666365646330373933
36643565363839363764383237383438356462363361376665646531623662643634323566356664
38316237306439366531376338383963663632653361313036363938313730303939316136363763
32633162346439376234323136643335386431626165376430363666333431336134356135343665
34653439386130646432343439343963356334316330343139666230623962613137346532666565
65346161656362326664393435376565633164363137383266316636376332666531353265613861
64383633366536356161613939303831313766373565663932636265326130353537346232366538
32633465636232663636643335633036646664336261633431383432616563393132333463383439
38326564383766363436356365393862616535343362326330616239393161363664333935623663
63373637363965653934656261336538316137336235303635306433343637373465643633383864
66393631356636306332663664663131373666303066393966343664636365636634653038386461
61323134336130663635353539663335383438333566383734623835376331333261326538346662
37303938336539666338656632383866633630613630393337346632636337646161633666626562
66363435333262643137663438346338653731653063373934613033633963393633376564626132
65393561623736356166316635613733663938313465373332636634313834363061383265656238
34353362613333303832323464303864386434653935323139326363613837393364396239333438
66636238663062303065333835653162633464643632636664626138663964393338656263666433
37613932633332363163386535353131336463323463663632323262373133666331653833393465
63346137303930326535316637333765383930643730393937613465353864623163343938383735
39313463323631386637646632623861633737386465613330653833633462343834663239373163
36326230653433383165653362663739363365306433613039663366613166633766653664613138
30353863303433656464623434363536636435353761646638616366623036343331396664353966
66663763653865356332323064626161626436663331646231306539383963646437383536316338
31633066383139353831323030353665376637356663346130636363373034393433613437323935
61303464373533353934376636346165616338356264643764303330323934316230366239653433
32393666313861646638323436303963623861383333396637323234336532623361393232333266
31636461356265396238653564366139386339656537303039623666643033353232626539363132
65393663333134646339373038656332306633366530636236616365636463623463386630346236
35346663323939396438346533323333396365643835303561643234633432383633343035613733
37343363313134663535616233356435323438316632346430373931373433633362383039633665
64383030353036633065303539303133366365616262333731613364316565646664643462306439
66313162373338633463313763666539633034636630633134613535363033343363393631363062
62643234636365393564373366353839316633376336636136633939323036623662366337336664
39366464643363616462323630336362666163376630663533383764313038663138353235343461
65366239373130326638643134363634363132336537653137313735326663373335653665366566
61343837636561393232646666623633343438356637323262383431303465613061303639613533
32343961616566303831353431613837643336326535333337353061613961666636333234613732
65306530316337353262376563633836343064386439646430376634313661303539356235373832
38313766623861613664633531666233373338623939626661656630366439303930633939376639
66303465306662386539383665353263636638393937386166366462396565396633623939326561
64653362373034333639666237333338663135613535313237343030653632616433653463663937
32633138313364396461316561376564306238663435363530343061353332356331323830396231
63656630346666623130373263383065346334376539316131306535373032353537376634373537
30306231326131313961616565323835386631663138656331333461303537373361363130613234
30306333646233393266306162353663653632376237306335383739663932636335316631646565
62336362316263313232366533663465303464353034656464626435363130356231653637623066
33653231383562383864333365653536303166366264393736663131613432323164646132373961
35633663343763366234333330346536303833636562343034303638373766636561396239323139
64383030383638633666396336613731653831626136663239656264623938393565616432373636
34363934663738643963656335343038613130383336666133656432646532653661353962393261
61633663383236396661643439366138353533353839626336613236653936616464383132336465
36326661623732396337623262383938343766313162353362303364633030366531376264383430
66643430343537306137353239626133376232333765356266323162663738636434303431666437
31663265626633313761663530353139363335313631353739396664353037376561646261356639
34336237353264333537316637303863653764336632643631363362336234333566346336333539
62633639633536666437356632353432623364633238366363393861636661383464636634313930
35333333333166353038396333613161356163306333386563663163666363373365333335356161
33323733353566343836306131373331643738376338376431383732343265376332326366313834
39636363396466616236393536356137616164333130333137633632346664383236363135626438
36656632303764303638326362643030333732356231326336393539326565316236653330366562
38653132613435393365306433333365613766336663303232396133616565396539343164656664
65373830636162376363363030633866626132323366353439343163633439646330333534633963
62386439336362336263643732316530393739306235656236393037613462346334326665643565
34333035396232626537376639333834343536383630343265336432386237643735626265623865
36343163626239613935633262353165396130353165636336343731363834636132313465623132
65326435376166363232373137616264626334323463326163333931666331373462616230633034
39323061333262623136636336613632313965333036663139343965363138306266623730663964
61653162396139623463373036656666373363353434343434343838376362323735653463383966
64363465613039643831363237633863666163396133346432303963636663366366333634333064
35373339313534353562316235333034643130643663666162656664633164653332623163343366
62346138363335326631306439343030636165643531616130613366393739373066393165623032
63386636306233386137633831623737323434616364376230633232333930666530313232313532
63613039386463366632343466393632376262396565343732333839333363353466353265383534
36386232613662346662376534343466373736353037643263666462616434616666643064323161
30616163383836626635626330386134376365353537326131303062316336386230663361626132
39363563326230356337376565633439316535636534393434393533633264616430623533623263
38653066393463383231373937333265383334313938623164323734653465373630643736666239
63363031643730383665326633396136613733643835633032633065333733393265393039633035
62353433353864653461623364323133323334353862303033636162633335383032313666396265
30626238653663343534366133653439316436383037353131656430306131646666343237363131
31636564373830626233363431313634396165356661646563363733313365353964663161653666
39393533626136363930316236396663373738376331646261386331623364303632343963643333
37313435356463663934623239346133316261356134376534653939656338346336613861653731
36316165363034363237393637393437623738663033663634376263396464393234363061373766
31386231383064363536323432363962383730653763633736343531646333316230313562616533
61386562343964333838326230323934393334346632323131663330393938376539656437626336
61633638333861386136643632656437626630613634633232383564316237323864343835316530
61323963323264373933613134303432613636383435643730316136656562623534633661356633
36376137303637626661636630663839663234653936643531343463343566306661353134656439
64396339366636623432616536376361323532626562333864613137353934353861396432393339
34636436306534613737333962303835313565396261623030316462613465343137373236316332
36386139366333656163613261383961333535363231326230356431396330333632336366373437
63373165626664393136363261346566323433656530346430643937303461643135353436323530
31646234643366306130376264623465376230396138383031303265373562663462376539303335
31636339616265333233396364623966633765663066666165333735316339373833396238623263
64323337303665633464316531353366643039623637353161326536356135633463386138306435
31353832336531396364646535306365373336303939323835613134376535383236633532646636
35633064393661616366343032303164613465383562663535613465643637636333346334376530
36343837653332613332353533393263343739333662393135353138383730643162623563646235
61316166336239636164326165396364363464383061366361383965653738313239323738616662
31643665626436333436666461356430346533623462326538646235303261363533666336326435
65363937313763363730656166616631366163373137313839653033653161663536643132366165
31623564386632666164393562653735326239636339663831646666643431346335343165363133
30636336386236323864646361626636383334393036353162313432623938343432666339313361
30323631643137643539356138373137376563626533363666306561366632666134393666666461
64313063633331613962616231343537316161636662636431656262613263303836646236393163
39323463356539343735323337356535363330653762636132393530303533323739623533656635
38613436616335306133666636366661316435323261366436373930616532303762313534323761
66616663633265346265303766356531353636366238333130386264396266323334393364656430
36666435303334383736306630353336306163663230663563343137623231316566666630653139
37313063646630373739666266336466666464356463663236303531343865643632353035646663
64376366616262303266373763653433313765383337383361646439393637356139653638343630
34323062303963663139376234643664313566623665353566316432393938313765333633316634
66643037323532616131613634653737363934323463303230396131666662346663346563373133
35366666373663343031653637393739333036623634623665313133306438623333373061616339
66386638346163396263303963653965626166366132613264616338303937653135353937656533
31646437396536346539613138653366316331623437336632323563356333646431643661643136
39306265316634306338363130393936633765376564316534383331376432646533336230383238
36663337333330616365376666303964653137343838386361363139646266393236613466633637
31316139336632653466643635323830386131363337636261613162353733376461396436336561
33336438626666376538363937343238306633303361363062306537303138633366396538386532
65633765636234393332343539303234303138356138633731626635326339656534363834653739
30636464373337356331376336623066633832623563313236363638643434656365636132363535
38306136656363396532613730613966316562373933303465363363343333656663343161373762
66393138356363386361613933313335343637323836326164663166336362383265343230373434
30363365383565366366643539366661376361616634393338383236633831646639623430336665
65396666386464333962393963313638613631373062633836616436373733666530356265343335
62353163393865306331656236646235343831626361303436343038666139323765316231396537
35666434356531626535333133633137366338333062633863633130393433656435396665393061
33626366353863353263653766323636643938656332663465636163656363326535663732663361
33343534366364333666353333626435396235373161313566303838643136376438656137323731
36616231353962373731376334353061303961316532353033303034623037353465353131643535
33643432626535653362616432336138326133613230303036356131623563363033376466393739
37666466373065313239303566626461396631653635373030353266623466333831306131306663
31363530326333643832316537663965613131396237653033376335386631313162396434623531
65386534396365656234386238393263306166336336643565623439643839303938343662633663
37356161636138653336333739363435613661353066303931663733363466383637653062323731
61653233613863373235636365636139303731636539616638303565616461343435313337363839
64653433356238616638313737346230653236333663646663636266343238303666333661326166
66356166323865633661366434633134306665363866346333616562393430363437653864626164
61666566613361393532663036393535613636326632303639663037356563313833646636323436
38353339393162336330343331623939336330323933336164356530356531353436653139313436
63373637623035393462653837383432366131646439623262656431333033643438336333656338
37663464376664663235623530353534396233333835363663303036636537373966313664343431
34383039303863313162646534313636623561613165346463666565393331383533633931363734
61636438303337663636343136383635363262623032646337353865366532666339636138643166
34373536663061393136613131303865613839666338656162323235333034613130653866306635
30376539653062643830323865313737663262643336653834323938373939393866626139643133
30323237323762616330613461333066323536343564333264636665303330613666663936303566
63353235353064643661373432336436343535373633616164393065363162623039
