$ANSIBLE_VAULT;1.1;AES256
65623135333838363230363864356566343832393530643065636532633431393332306561343634
6666633738303131393465336433346536663831666539340a303266653263616634396631663163
32393731643964393832303637356338653836326339373462356131336663343837613666666333
3030613564303839620a663464323364386530373763633635613138356330656632313866383365
32336535623636333435353664386436373662383230326231396332303537646639666637313466
35343062386139363831333639333133346131633539616332616539356361656161633261636535
61303836303162386639616438386433323863346239376139366633346265663462306138303436
38376462346164346237646663333636363636653263663134366234386231373062386163366430
32646637616661336232393237333466636135653433303237343137666536306262393235653033
63313664663561376234653361643232393134613339346664656238303530373331386234373965
39633132663638353530306130623537346462363333386634613139343462613937323465303832
64666539643063376263646537336132366133643063353939373730666364346163653563393061
62333762343431353764633964396139346530353737393362376465393834636639336163623565
63643731373861393035383066346234323864663864663234393030313035343565633330383835
62383433353139366633363833343365363734663666633039326133626164373438393962626432
37353965383665613061316564323333383030303566303531653362303939643330323266663064
64666236663133396337333565663564313331306539613536306561653532386264353461306162
66383564663566633165396439323531393166656631373134376332643335653262303839316333
33336163323033376362393133653937373764383437303362396161616234386331323262643331
34613832383830613731663532393337633463373366333661613238306564363739653964656461
36356536316565343935363733626462663730623166666164663663663065346663386438643738
63613333626632373361373661333161656331303738313265306239343934336436626535653930
33386630633632326261343832623431343236656564666437623732303931346365383261386630
37643636623465356237346434376365633336613239373063643435343838303263623035613335
30313461613664623965643763363030613533356166373361623039386432653939386133656565
62393266623866393130613630643835376330373565616366376231633364326333383236636631
37333839383638613165666635346364393534323236336635663833306439303438373564393232
30613062646639616134363338373961383265323335363834353166376431343237396462613665
37336539323631383265313765613638363061663535306232656333386135363230323763663465
63313563306131383363366566306261343239306663663734666339303230346232306632663764
33646163373836353930656130383433383135383230613661343666336165633631373539346263
37383534316333386562626635616436393836373963323337386633653664336438353232393363
38326331366135316363373539623565343663613865373738613835666434663634386334663135
34363430613135373130623339343836343364383863636466366133313563313264316237303064
36626564613964363762346138316533353165313331333532376438333338623766653363633263
61633032373736323661366631613932323065306664363066633732396638313530356162373630
37373235623238326265316637313863353831376432643237363937623639303938386434376630
62383238383839623138363537303833343837666237336561333830356261353464666639663162
31393362316131323230663236306165363966666566646237336562666435363338626630383866
30383138363739376337336337626263626231383632626564653466326365633432353165623238
32383035633565373262353162313363356133303465373333653362323532373333313835663165
35336664653665643061643531356261366135343839303862303264633736626434613833666330
36623237616338383636366135316535633938386232626535333531653737663462613165316465
61363662336433376332333063386239613232376438353866393562343339653637363836363864
65343139323839636538323137663038633137393735323637326265303537663337393134393865
33636164643030643530383838646536373563326263323031656131616231653434636433343062
64353638396665346432333132343335393564323234633330363565613431616161636536653233
33313266643461323135663733333162386234613061336566646538363138613039323437623931
35613339363663363933656130383336373237393036366130643530666337646530373263336264
64646139356535333538316466336531613634316439646361396537383831386139656534643238
63323236653565356265383431366362353131386234643762633765333666363666363837336431
37353633386537333932656339326236346430376231386166333130333432343562623463643865
35653736643338666535356337316464623538633139373733323164656633313533373232353832
64616430313830356535396533306630376365643762393935623062333663633033323631326331
37323638346534623931316331323834396531663663643462653861626434373532613766653830
38633738633636316438316436646331323831636130323332343335373037343336313439613738
61653336633966386138366333353332393566666365393832376539653832636434396630643830
37393932313931623062333335636263653839343638313433346534353139653638313038323365
35633334363639613037343137393466636535303766353537313962316333616661353734373434
65393362386338313465346166303932633432383635616163373966353561363536653938656631
35303630396437326639313831393730396162653065326263393232643864316435393764646234
34653864366264663864616239366634306134366232633136313838376264656338366461663864
36616162643637336530333630656334326336393462343737363537346565613133363461663033
33656230633966376536363439323863343939383262653165313838313563373361326639353231
63636139643731656537633632636632643935353838623162383563656436306363623530656263
34366637303238633064613161306166313861666462623431616434393233663539396631376532
31353139333434633935386365383034366530616661633164666361383262386639383931343336
33643566306366346365663339313139313161396664343264303737316633343964313638336162
65633564636664326338633264623838653964323434663831303835333261363733366636353637
32633838303734353838636266626165393461353162316437616639363462343863633232663933
64393932323634393038323537653238626233373233366365366165333531363833373536373963
61643036393935386533363232386531663164636433663234616232633837316566393436303336
65356165353237396234336361336432316262623538303134313438386136383663343537626638
35613133316339653266346561636331386137353237383165306535326162646634313037366539
31323235633836336436666331383039616134323932656633383761333537383732373364626439
64653533383563636166373534633434343633363139653039313732393862653735613135353737
32613333656230336532326139653365353231363163366534313730383165643262623134643937
30326431636565643663376366383639616135346331383137333966646163346365303031383430
38373362626631303935303336623264633830386163643465343536363332353965323536383462
61313831646137633330613135613133636661376332356339643132666262303737653865303861
65613130323763623237663061346365623665343030396431353462356263653531623562373634
63376632663864633264313737663930623333613262623434623339623063316136653532306465
64653462303532643132616433376336363565386237613531373632663264366163323336343862
30316137633331346635373163636565613662653763626261616661393165343734346534663665
37343439636238653230356565356238303962633830303061643732333065386638316132336464
31366238313632396235346635653038373762333436323637306163313434653963393739333538
66393065353838366338303037343163626566313239386130366361366137376166333536303336
63353362626131356165613232353631653665316538626366633734393830363734353039343765
65323664306430653132613835393165306130623330336563623533633330366437343635363838
39636332373530386561663232336465343639613939353063393336633531333638646463326337
62363031616361333331353062376465393932626232333236633464336462666533666235303365
63353539393766663666393735646330646632633561643231626261623730626363393163336330
61653438623331353661333263646363326434333866613532646232666136366163643734333131
62656430616462383564383066396130666166383930373439353332356163643032396637333637
65646565336437343463353232373038643264653436343632356133333434383164383331636264
35366531666361363366333762623562316437393230363632353662666466663933313964633962
30356634316565613436323938393865613639626663393637396365306461303661396561643932
36623238633762643039346363653939363638666634386235366230363563656238636331363935
62616137323834666564633933633135306161613935623134306639356165623062393735383466
62353333306432353465663036316463626666323030366330623933396162343362343261613466
32663437663137343962383465393164353936303537333364343438646439633966356464373363
65663939333466323334323135316439386432303863666331636233333335356137303630316562
63643932383665346634646664303130336637353032353134306537366231383331613765393863
32633463663964336162646433333739346363646631326135653565303533353663386635353061
33643434353861306663346562643133333332663463333236363230343862346138373130623165
30356535656137383466363365633636373366346131663664353462353366613032386565346366
39393964353266316237376239653039646562366539376439646461353231633931303862343161
64396164663638316339613164366364393836626332323566663662616465303337333239323631
30656339653764623561633233653339326461323639396362306665623537393165386633383461
36303266343232633937313037393036393939313163363134393936643234643562313966663263
33386364373865353736326635363662303438663430633961623233313232326234663861353536
62633733616635343032393064323538663162653033313035356330623732333036626564623531
31643836366132333561613334316366333962613737306365323434333061623536656231326237
65633731636562366265376566633361636131326239636462653433643534376336656561353866
38373239656263306239616136363233326365386434353165313636383834353031653838656665
39613531663434666532366235386466383430626138333938356536316437393666633535613732
66633637363763643939383739326437336665653231663434613735316136373531623234663565
35333131303561646335636534613563636637616134363438636637316464613063313861636235
65373437316536396263633236666532366561383832636536353265663231653039616334323864
32656462366439393163313836313766316466623338633666666238373937363136366137383638
61373665373138306166316366343635366636313535636662643031376239663230383563626164
33353135653439316263323231623135646337616333386136613336316237656463313135633239
65343762653732613536636538633037306465623463386339363437363662616463613665613634
36323431636264353633656361353132393565346163356631653933653863366637623262636164
34333066643133343132373664373139356133313935326337633630376331613163656537333164
61653433663564663137323533396231356534653832346339346635366237393732396639303162
36626266623533326235306662626435663439306430633638653265333332623561663831333738
34383934346362336662626239303138353831666632326463643131333938303739343662633265
31303533383037666238363963643864333233626131363565313537663463616333353236626538
66633637336235386532383539663436383263333838626634666232303833613965393730333739
63666664636465373736666531336533633339333236613866613836303031646534336136346130
66303133373734623261623233353262303235376562366232326136383665323263623165303531
66353237323461663733633730303738343561373338646164366333363833333730653835333162
33363438616230643331353336313535303365643465383236313135633666633839616466373333
64386530613039653961363336363763326332643438353833366139356630323664643465663337
36343236313333346332363932363166373232633136653332393161623136313466346235663161
39623534636165366439326230643438613865343634396262626130636261303066303437326439
66313534636435623161386461303631303037383166363861653439313133346234636333613863
66646537336533653430376234353265646331313536656364306537653035653731353834346364
30663439633635666339666265616437386565613465363034353033333439306435656339323433
31383732353666376261343432343265613430366630363935613339663536306562343062636635
34656565323933613862323032313837633336646538613133363834313730303833323130303031
30363863303634333366333766386664643364633332633234663865353837313462306331353965
65363162303438616232383734306432383361363963376233343537373835663832633762313733
38613035316133313539633430383238343630336465656437306133653834386237333734373662
64653738363734353333323361303565633337313761666463623835323362353665323930643333
37646634333465353330613163303866653738353866306536386232313332303437333037313062
30626361626264336131316366326663386633373935373462616637313831336138356463613534
35623863366230303663316165313761363865306361636533306638373733616238386131343166
66666264613163313338333338343130333039316630333062323738366436316530383865303862
63643233656539346563303234616137613261303265333264616633366230646265303239346465
34353833313164633734626632386231363832353430333230656336623030663036656234313763
37346334326635623133303565616466373338323062396366333163313066333530663839353961
32373639656631666135633064383137383862373361333832653636343561386534313434353231
39373866653831333062353039376634646365656138613062313832326661343731633261643538
38313939313131663330656239336137663565643863373162373237663832366237333364333532
32653433303531396666363863353437663366316139393866363636303639333664653637383366
63386139373939336163333261653532646239303230633933306165643239393033306331636662
62613566393966323733626639306134346231366533613232376464663836646639363636613630
63306261646465333033656565656137313135383835646161353139343335666561336364303262
61346561306438343065363038626266383433633433636662616437336262653664383439633639
37626637373932393062363161646162333235366364616233623037383837633466346261653831
30363138663464636435646234333564316539633064653930666534306132633338636234613435
38353233613236313132376363366239656566383032663930626139393632373231326263396639
38653932333265363336343537623531356134646261636538613765313339383631333533653035
39346539613539356462333938313962646463373432613939343636663131373433363239666664
33626633343238643834613036393665643437333439376165663335656533623537376230373435
63656562306137663062353534346130623335333134373133336162653330613330646536363566
63326638356638666330336433346130363566386662343931646462656635323764353732336338
35626638666137303266396636366635663436636563396432666361613231386438323064336437
34373562613761643438616461623939333466396131643564303763323630313266646561393230
34623663666363303463306632336134323135643130336165376566373039376233313866343437
66633639303039383234376437393034636633386239663531333737666561383636393466316165
3131313561336563396135333137316630386138393862633835
